2 0.611084 0.432129 0.0375977 0.0771484 0.204204
2 0.486084 0.419434 0.0219727 0.0283203 0.229193
9 0.418701 0.322266 0.012207 0.0351562 0.234405
2 0.429199 0.425293 0.0175781 0.0244141 0.235044
2 0.453369 0.424805 0.0219727 0.0214844 0.276826
2 0.445557 0.424805 0.0200195 0.0234375 0.307159
0 0.0861816 0.458984 0.0200195 0.09375 0.309987
0 0.0751953 0.433594 0.0136719 0.0742188 0.453579
0 0.558594 0.428223 0.0166016 0.0986328 0.479824
0 0.0900879 0.447266 0.0141602 0.0664062 0.493741
2 0.709229 0.427734 0.137207 0.150391 0.507663
2 0.389648 0.429199 0.0205078 0.0380859 0.516842
2 0.35791 0.435059 0.0351562 0.0419922 0.539752
2 0.479248 0.423828 0.0200195 0.0273438 0.573657
5 0.276367 0.398438 0.0761719 0.136719 0.6396
2 0.515137 0.41748 0.0195312 0.0322266 0.647073
2 0.306641 0.447266 0.0537109 0.0664062 0.694883
2 0.953125 0.540039 0.0917969 0.337891 0.736254
2 0.626221 0.441895 0.0463867 0.0966797 0.747921
2 0.782715 0.452637 0.212891 0.180664 0.821904
