2 0.538086 0.424805 0.0371094 0.0722656 0.226878
7 0.771973 0.490723 0.25 0.444336 0.284723
2 0.415039 0.453613 0.0244141 0.0634766 0.337026
7 0.117188 0.470215 0.147461 0.276367 0.390918
2 0.564941 0.426758 0.046875 0.126953 0.402402
2 0.381348 0.445312 0.0703125 0.111328 0.423581
2 0.529541 0.428711 0.0219727 0.0527344 0.488234
2 0.79126 0.491699 0.282715 0.44043 0.549376
2 0.591309 0.449707 0.0673828 0.141602 0.706732
2 0.309082 0.451172 0.117188 0.119141 0.707158
2 0.631104 0.48584 0.065918 0.163086 0.745235
2 0.4646 0.446777 0.0610352 0.108398 0.767553
2 0.0549316 0.55957 0.10791 0.310547 0.835693
2 0.234863 0.499023 0.101562 0.177734 0.863669
2 0.889648 0.629883 0.220703 0.708984 0.893262
