2 0.195312 0.412109 0.0400391 0.0371094 0.206015
2 0.344971 0.393555 0.0209961 0.0273438 0.222108
2 0.583008 0.393555 0.0185547 0.0371094 0.237853
2 0.584229 0.415039 0.0170898 0.0683594 0.288141
2 0.147461 0.423828 0.0400391 0.0332031 0.297078
2 0.118164 0.42334 0.0527344 0.0400391 0.367021
2 0.495117 0.391113 0.0175781 0.0263672 0.441807
2 0.208496 0.411133 0.0195312 0.0351562 0.464849
2 0.242188 0.412598 0.0224609 0.0283203 0.481425
2 0.168213 0.420898 0.0415039 0.0332031 0.487294
2 0.984375 0.747559 0.03125 0.358398 0.492781
2 0.0690918 0.429688 0.0522461 0.0410156 0.583995
2 0.608643 0.399902 0.0288086 0.0634766 0.614297
2 0.640869 0.407715 0.0473633 0.0771484 0.822017
2 0.529053 0.419922 0.043457 0.0664062 0.824642
