2 0.692871 0.446289 0.03125 0.078125 0.214618
2 0.508301 0.422363 0.0361328 0.0302734 0.249259
5 0.541016 0.407715 0.0302734 0.0634766 0.253734
2 0.634766 0.437988 0.0244141 0.0556641 0.310327
2 0.494141 0.416504 0.0175781 0.0263672 0.373807
2 0.837158 0.453125 0.108887 0.15625 0.391014
2 0.541016 0.408691 0.03125 0.0615234 0.411609
2 0.649902 0.438477 0.0332031 0.0585938 0.521109
2 0.705811 0.446777 0.034668 0.0830078 0.524536
2 0.681885 0.442383 0.0307617 0.0742188 0.545274
7 0.837402 0.453125 0.107422 0.158203 0.575122
2 0.51709 0.426758 0.0234375 0.0332031 0.61991
2 0.664062 0.442871 0.0341797 0.0654297 0.66996
5 0.60083 0.397461 0.0424805 0.117188 0.725109
2 0.730713 0.45166 0.0541992 0.0947266 0.74867
2 0.772949 0.457031 0.0527344 0.105469 0.761068
2 0.954346 0.493164 0.0893555 0.175781 0.875834
