2 0.50293 0.417969 0.0136719 0.0390625 0.240037
2 0.606445 0.42041 0.0390625 0.100586 0.283989
0 0.535156 0.407715 0.0126953 0.0693359 0.317938
2 0.384766 0.428223 0.0488281 0.0966797 0.335452
2 0.493896 0.417969 0.0268555 0.0371094 0.414022
2 0.317383 0.466797 0.0615234 0.0917969 0.415801
1 0.42334 0.485352 0.0205078 0.103516 0.430214
2 0.561768 0.411621 0.0209961 0.0361328 0.448964
2 0.588379 0.422852 0.03125 0.0761719 0.467413
2 0.138916 0.459473 0.192871 0.19043 0.47876
0 0.422607 0.442871 0.0288086 0.15332 0.570458
2 0.634521 0.431152 0.0688477 0.129883 0.580065
2 0.460449 0.424316 0.0292969 0.0556641 0.586039
2 0.273438 0.473145 0.0673828 0.157227 0.589095
0 0.220947 0.472656 0.0522461 0.248047 0.655625
2 0.342529 0.4375 0.102051 0.123047 0.666013
2 0.667725 0.443848 0.0922852 0.139648 0.681315
2 0.919434 0.558105 0.15918 0.456055 0.861415
2 0.102051 0.518555 0.202148 0.236328 0.869895
2 0.828369 0.463867 0.336426 0.386719 0.893861
