0 0.204834 0.400879 0.0131836 0.0556641 0.251877
9 0.883789 0.131836 0.0361328 0.078125 0.306248
2 0.446045 0.427246 0.0239258 0.0517578 0.331773
2 0.633545 0.431152 0.0395508 0.0654297 0.358311
2 0.540527 0.41748 0.0234375 0.0380859 0.387164
2 0.558594 0.431152 0.0234375 0.0517578 0.485619
2 0.885498 0.483887 0.229004 0.217773 0.500513
2 0.458252 0.424316 0.0375977 0.0478516 0.510119
2 0.654541 0.432617 0.0532227 0.0722656 0.563813
7 0.885742 0.483887 0.222656 0.223633 0.571686
2 0.703125 0.443848 0.0957031 0.120117 0.675594
2 0.40918 0.437012 0.0664062 0.133789 0.701512
2 0.373535 0.463379 0.0888672 0.157227 0.800294
2 0.771729 0.464844 0.081543 0.152344 0.827958
2 0.59375 0.444336 0.0556641 0.0878906 0.840286
2 0.511719 0.433105 0.0380859 0.0537109 0.86185
2 0.124268 0.598633 0.248535 0.443359 0.890455
2 0.281494 0.495117 0.146973 0.214844 0.896207
