0 0.58252 0.440918 0.0126953 0.0810547 0.209735
1 0.567139 0.448242 0.0200195 0.0722656 0.235739
2 0.61792 0.427246 0.0385742 0.0693359 0.240205
0 0.486572 0.435547 0.012207 0.0605469 0.261882
0 0.479492 0.436035 0.0224609 0.0673828 0.351303
0 0.566406 0.439453 0.0214844 0.0898438 0.375397
0 0.698975 0.443359 0.0180664 0.126953 0.488733
0 0.51001 0.433105 0.012207 0.0693359 0.567202
2 0.973633 0.438965 0.0527344 0.108398 0.625974
2 0.0371094 0.425781 0.0742188 0.0839844 0.732554
2 0.962646 0.600586 0.0727539 0.222656 0.75839
2 0.876953 0.509766 0.219727 0.238281 0.846057
2 0.13916 0.460938 0.0927734 0.0957031 0.883341
2 0.756592 0.48584 0.109863 0.172852 0.884055
