2 0.470459 0.431152 0.027832 0.0302734 0.232949
2 0.489746 0.425781 0.0195312 0.0253906 0.244083
2 0.454102 0.436035 0.0283203 0.0322266 0.276291
2 0.566406 0.428223 0.0419922 0.0634766 0.289431
0 0.382812 0.44873 0.0195312 0.116211 0.372634
7 0.356201 0.426758 0.0727539 0.132812 0.440814
2 0.552246 0.417969 0.0273438 0.0566406 0.457492
2 0.353516 0.437988 0.0703125 0.131836 0.494512
2 0.63916 0.467285 0.0644531 0.143555 0.495714
2 0.596436 0.447754 0.0415039 0.0908203 0.509796
2 0.577393 0.445312 0.0307617 0.0722656 0.512183
2 0.482178 0.428223 0.0180664 0.0283203 0.520645
2 0.295166 0.477539 0.059082 0.121094 0.571774
2 0.61084 0.455078 0.0478516 0.111328 0.591094
2 0.335205 0.465332 0.0483398 0.102539 0.647261
2 0.516113 0.432129 0.0292969 0.0556641 0.649542
2 0.666992 0.469727 0.0947266 0.162109 0.677874
2 0.880127 0.469727 0.237793 0.890625 0.738846
2 0.735596 0.514648 0.130371 0.292969 0.78923
2 0.250488 0.48877 0.0869141 0.141602 0.790086
2 0.414795 0.444824 0.0395508 0.0576172 0.830898
2 0.169189 0.512695 0.127441 0.189453 0.880942
2 0.0644531 0.552246 0.126953 0.280273 0.898835
