2 0.721436 0.401367 0.0219727 0.0488281 0.218013
0 0.367676 0.450684 0.0195312 0.112305 0.24556
2 0.701904 0.428711 0.0151367 0.0234375 0.294277
0 0.733887 0.430176 0.0126953 0.0615234 0.325229
2 0.755371 0.429199 0.0224609 0.0576172 0.32835
2 0.633545 0.439941 0.027832 0.0615234 0.369481
2 0.791504 0.44873 0.0449219 0.124023 0.390376
2 0.669189 0.434082 0.0288086 0.0341797 0.436883
11 0.908691 0.308594 0.0214844 0.0390625 0.473297
2 0.768799 0.43457 0.0268555 0.0664062 0.559435
2 0.810791 0.446777 0.0678711 0.143555 0.566594
2 0.612549 0.446777 0.0249023 0.0517578 0.597446
2 0.856445 0.468262 0.0605469 0.147461 0.634514
7 0.54541 0.408691 0.121094 0.209961 0.716223
0 0.46582 0.457031 0.0478516 0.224609 0.759755
2 0.932861 0.565918 0.134277 0.364258 0.897561
2 0.126953 0.532227 0.251953 0.347656 0.903946
