2 0.44458 0.413574 0.027832 0.0517578 0.262426
0 0.855713 0.338379 0.0239258 0.0478516 0.318065
0 0.405273 0.443848 0.0244141 0.100586 0.335358
0 0.580078 0.444824 0.0244141 0.141602 0.365869
2 0.396973 0.431641 0.0439453 0.0800781 0.432547
2 0.422607 0.416016 0.0288086 0.0605469 0.550734
0 0.597656 0.430176 0.0361328 0.192383 0.656997
0 0.355469 0.4375 0.0380859 0.130859 0.746983
2 0.64917 0.428711 0.0698242 0.177734 0.747177
9 0.568848 0.0722656 0.0136719 0.0722656 0.782926
2 0.731689 0.438965 0.140137 0.237305 0.817426
2 0.846191 0.507812 0.212891 0.302734 0.843145
2 0.260498 0.432617 0.112793 0.0917969 0.885404
2 0.933594 0.552246 0.130859 0.428711 0.889661
2 0.510498 0.464355 0.112793 0.19043 0.895523
