2 0.284424 0.429199 0.0307617 0.0205078 0.205209
2 0.666504 0.429688 0.0351562 0.0585938 0.231753
2 0.196045 0.436523 0.0268555 0.0332031 0.309916
2 0.323486 0.429688 0.0239258 0.0273438 0.332381
0 0.979248 0.424316 0.0219727 0.0732422 0.337425
9 0.858154 0.294434 0.0112305 0.0283203 0.374962
2 0.358887 0.430176 0.0185547 0.0283203 0.459893
2 0.0778809 0.444824 0.0366211 0.0595703 0.498675
2 0.166992 0.436035 0.03125 0.0498047 0.672907
2 0.577881 0.438477 0.0473633 0.078125 0.690007
2 0.125 0.448242 0.0712891 0.0703125 0.721651
2 0.041748 0.442383 0.0512695 0.0644531 0.773811
0 0.912109 0.441406 0.0234375 0.130859 0.797033
2 0.767334 0.475098 0.237793 0.170898 0.913558
