2 0.644775 0.438477 0.0307617 0.0664062 0.229673
2 0.593994 0.432129 0.0170898 0.0302734 0.230886
2 0.581055 0.429199 0.0175781 0.0263672 0.238191
2 0.634521 0.441406 0.0170898 0.0683594 0.247268
0 0.0795898 0.347168 0.0390625 0.0419922 0.256265
0 0.0656738 0.345703 0.0317383 0.0371094 0.275752
2 0.652832 0.441406 0.0205078 0.0566406 0.305217
3 0.540527 0.459961 0.0214844 0.0761719 0.345855
2 0.617188 0.442871 0.0283203 0.0419922 0.362147
0 0.543457 0.413086 0.0205078 0.0683594 0.527848
2 0.420166 0.461914 0.0473633 0.126953 0.637557
2 0.374268 0.467773 0.0825195 0.154297 0.731084
2 0.251709 0.478027 0.169434 0.31543 0.833608
2 0.947266 0.626465 0.105469 0.446289 0.854368
2 0.500977 0.466309 0.0742188 0.124023 0.856425
2 0.7854 0.517578 0.194824 0.283203 0.878108
2 0.10376 0.562988 0.205566 0.395508 0.922209
