0 0.851807 0.412598 0.0180664 0.12207 0.215866
9 0.656982 0.305664 0.0180664 0.0527344 0.23484
9 0.674561 0.32959 0.0141602 0.0361328 0.247048
0 0.955322 0.59375 0.0893555 0.277344 0.29314
2 0.49585 0.419434 0.140137 0.19043 0.437302
2 0.435059 0.408203 0.0283203 0.0332031 0.499841
2 0.0185547 0.419434 0.0361328 0.0478516 0.505933
2 0.632324 0.388672 0.0771484 0.107422 0.512962
0 0.723145 0.41748 0.0136719 0.0732422 0.537566
0 0.865479 0.403809 0.0297852 0.157227 0.561971
2 0.390381 0.445312 0.059082 0.140625 0.667785
1 0.956055 0.600586 0.0878906 0.269531 0.674705
9 0.545898 0.165039 0.0146484 0.0566406 0.723758
2 0.183594 0.416992 0.0605469 0.0703125 0.738333
0 0.820312 0.424316 0.0302734 0.149414 0.762187
0 0.954834 0.45752 0.090332 0.399414 0.79327
2 0.328369 0.470703 0.143066 0.193359 0.826538
2 0.557861 0.552246 0.266113 0.416992 0.916768
