0 0.653564 0.443848 0.0239258 0.104492 0.211275
2 0.653564 0.443848 0.0249023 0.106445 0.231282
0 0.381836 0.437012 0.0126953 0.0517578 0.271178
2 0.694336 0.470703 0.0361328 0.154297 0.2993
0 0.688721 0.466309 0.0424805 0.15918 0.300801
2 0.593262 0.425293 0.015625 0.0224609 0.317064
2 0.642578 0.440918 0.0234375 0.0634766 0.384776
2 0.483154 0.435547 0.0356445 0.0351562 0.390955
2 0.631104 0.4375 0.0229492 0.0527344 0.468578
0 0.67041 0.464844 0.0244141 0.158203 0.471927
2 0.466553 0.438477 0.0307617 0.0429688 0.473274
2 0.492188 0.431641 0.0224609 0.0332031 0.606239
2 0.516113 0.425781 0.0195312 0.0273438 0.663208
1 0.135742 0.516602 0.046875 0.130859 0.670539
2 0.429932 0.442383 0.0415039 0.0527344 0.726993
0 0.135986 0.455566 0.0424805 0.192383 0.738918
2 0.76001 0.483887 0.117676 0.196289 0.870302
