2 0.455566 0.442383 0.0195312 0.03125 0.208744
2 0.763916 0.436035 0.130371 0.110352 0.211389
2 0.542236 0.429199 0.0161133 0.0263672 0.21246
2 0.14209 0.467285 0.0605469 0.104492 0.217576
2 0.989746 0.488281 0.0205078 0.177734 0.226422
2 0.46875 0.439941 0.0283203 0.0263672 0.232314
9 0.536133 0.320312 0.00878906 0.03125 0.272278
2 0.721191 0.428711 0.0664062 0.136719 0.273791
2 0.807861 0.425293 0.0493164 0.0712891 0.291677
2 0.480225 0.436523 0.0249023 0.0195312 0.293318
2 0.529541 0.424805 0.0288086 0.0292969 0.339564
2 0.315186 0.460938 0.0600586 0.0644531 0.369843
2 0.576416 0.424316 0.0258789 0.0361328 0.420962
2 0.180176 0.467285 0.0820312 0.0947266 0.430322
2 0.44751 0.445312 0.0200195 0.0351562 0.448627
2 0.333252 0.456055 0.0366211 0.0625 0.449059
2 0.652832 0.432617 0.0546875 0.103516 0.45642
2 0.428955 0.445801 0.0219727 0.0419922 0.490143
2 0.507568 0.430664 0.0170898 0.0214844 0.529723
2 0.216309 0.468262 0.0849609 0.0908203 0.569714
2 0.113281 0.476074 0.107422 0.12207 0.625138
2 0.629883 0.434082 0.0449219 0.0732422 0.632621
2 0.283203 0.461426 0.0712891 0.0771484 0.691973
2 0.364014 0.459473 0.043457 0.0634766 0.718193
2 0.406006 0.452148 0.0317383 0.046875 0.745744
2 0.0495605 0.490723 0.0981445 0.143555 0.797042
2 0.836182 0.458496 0.097168 0.139648 0.807604
2 0.902832 0.460938 0.109375 0.166016 0.824134
2 0.682861 0.479492 0.0874023 0.126953 0.825557
2 0.964111 0.46875 0.0698242 0.191406 0.826166
