2 0.239746 0.435059 0.0126953 0.0185547 0.218674
2 0.0734863 0.438477 0.059082 0.0527344 0.273637
2 0.579834 0.429199 0.0258789 0.0498047 0.316357
2 0.569092 0.425293 0.0229492 0.0400391 0.331461
2 0.175293 0.441406 0.0205078 0.0273438 0.331921
2 0.559326 0.422363 0.0180664 0.0322266 0.335227
2 0.0571289 0.450195 0.0410156 0.0390625 0.495154
2 0.150391 0.441406 0.0224609 0.03125 0.497052
2 0.116211 0.443848 0.0351562 0.0341797 0.578446
2 0.618896 0.429688 0.0444336 0.0664062 0.645259
0 0.536865 0.439941 0.0258789 0.139648 0.723919
0 0.500732 0.441406 0.0307617 0.136719 0.793416
2 0.735352 0.464844 0.0693359 0.150391 0.797481
2 0.923584 0.507324 0.152832 0.307617 0.828662
2 0.812988 0.476074 0.15918 0.211914 0.828726
