2 0.343506 0.460449 0.0297852 0.0615234 0.220852
0 0.605957 0.460938 0.0214844 0.111328 0.226088
2 0.318115 0.437012 0.0317383 0.0615234 0.346683
2 0.257324 0.401855 0.0380859 0.0322266 0.396444
7 0.35791 0.41748 0.0595703 0.125977 0.412837
2 0.172119 0.445801 0.100098 0.120117 0.44656
7 0.17334 0.445801 0.0966797 0.118164 0.514759
2 0.435059 0.41748 0.0263672 0.0400391 0.530398
1 0.625244 0.529785 0.0356445 0.151367 0.579468
2 0.228271 0.446289 0.0532227 0.078125 0.589234
0 0.625977 0.475586 0.0439453 0.230469 0.607019
0 0.869873 0.450195 0.0541992 0.1875 0.711041
1 0.873535 0.51416 0.0566406 0.112305 0.752038
2 0.391357 0.475586 0.0708008 0.115234 0.804602
2 0.483643 0.506348 0.125488 0.200195 0.829298
2 0.76001 0.507324 0.184082 0.264648 0.860675
2 0.286621 0.469727 0.0839844 0.121094 0.867631
2 0.0881348 0.541992 0.175293 0.308594 0.87784
