1 0.590576 0.911621 0.109863 0.176758 0.202297
2 0.474365 0.467773 0.019043 0.0371094 0.238144
24 0.619141 0.492188 0.0566406 0.285156 0.240407
2 0.344482 0.496094 0.0297852 0.0683594 0.277666
24 0.621826 0.460938 0.0483398 0.128906 0.280897
2 0.482666 0.470703 0.0288086 0.0429688 0.351535
7 0.369141 0.466309 0.0449219 0.102539 0.354389
2 0.440186 0.456055 0.0219727 0.0273438 0.440406
2 0.526123 0.495605 0.0366211 0.0732422 0.445884
2 0.409424 0.463867 0.019043 0.0292969 0.455541
2 0.368408 0.463867 0.0415039 0.101562 0.479489
2 0.504883 0.489258 0.0351562 0.0664062 0.612414
2 0.321045 0.500488 0.0522461 0.0830078 0.623165
2 0.563965 0.530273 0.0693359 0.132812 0.739143
1 0.62207 0.615234 0.0439453 0.179688 0.749672
2 0.271973 0.523438 0.0830078 0.0996094 0.7822
0 0.619629 0.504395 0.0566406 0.293945 0.807015
2 0.158936 0.552734 0.166504 0.15625 0.902146
