2 0.655029 0.44873 0.0444336 0.0966797 0.241083
2 0.481201 0.404785 0.027832 0.0224609 0.245314
2 0.42041 0.425293 0.0244141 0.0380859 0.255275
2 0.306396 0.452148 0.0268555 0.101562 0.299544
2 0.456543 0.422852 0.0224609 0.0214844 0.301057
2 0.442627 0.422852 0.0209961 0.0273438 0.311057
2 0.55542 0.422852 0.0161133 0.0527344 0.329043
2 0.589355 0.437012 0.0332031 0.0654297 0.390364
2 0.320312 0.448242 0.0371094 0.0878906 0.434062
0 0.301758 0.455566 0.0195312 0.112305 0.454445
2 0.428223 0.420898 0.0224609 0.03125 0.456559
2 0.510498 0.414551 0.0200195 0.0244141 0.457545
2 0.619385 0.444824 0.0336914 0.0732422 0.470617
2 0.578369 0.420898 0.0297852 0.0820312 0.50325
2 0.637207 0.446289 0.0507812 0.0898438 0.581376
2 0.207764 0.468262 0.101074 0.129883 0.609532
2 0.347656 0.446777 0.0273438 0.0654297 0.641569
2 0.601807 0.441406 0.034668 0.0722656 0.66699
2 0.534668 0.409668 0.0273438 0.0341797 0.674168
2 0.763184 0.473145 0.0878906 0.163086 0.693698
2 0.269531 0.461914 0.0478516 0.09375 0.782905
2 0.391357 0.441406 0.0512695 0.0703125 0.803364
2 0.686523 0.456055 0.0810547 0.115234 0.804703
2 0.152832 0.489258 0.100586 0.140625 0.815908
2 0.834473 0.500977 0.171875 0.214844 0.834617
2 0.923828 0.552734 0.152344 0.320312 0.899179
2 0.0576172 0.511719 0.114258 0.195312 0.905401
