2 0.446289 0.418457 0.0185547 0.0830078 0.200717
2 0.547852 0.411133 0.0380859 0.0644531 0.226086
2 0.459473 0.418457 0.0244141 0.0556641 0.252462
7 0.54541 0.408691 0.0371094 0.0712891 0.267592
2 0.479736 0.422852 0.0180664 0.0351562 0.318128
0 0.116211 0.423828 0.0253906 0.160156 0.35271
2 0.468018 0.421875 0.0229492 0.0410156 0.387586
2 0.491699 0.42334 0.0195312 0.0341797 0.416744
2 0.416748 0.41748 0.065918 0.120117 0.484148
2 0.510742 0.424805 0.0234375 0.0371094 0.533204
0 0.0612793 0.436523 0.0356445 0.177734 0.546397
7 0.416992 0.418945 0.0654297 0.123047 0.568045
2 0.343994 0.436523 0.102051 0.177734 0.571377
0 0.234375 0.403809 0.0205078 0.0830078 0.608702
2 0.682129 0.453125 0.104492 0.119141 0.667497
0 0.0930176 0.430176 0.0405273 0.19043 0.681783
2 0.779541 0.469238 0.181152 0.202148 0.751086
2 0.871094 0.479004 0.19043 0.225586 0.775329
2 0.624512 0.4375 0.0966797 0.0878906 0.828939
2 0.281738 0.470703 0.135742 0.185547 0.87032
2 0.905518 0.541504 0.187988 0.383789 0.881967
