0 0.98877 0.435059 0.0224609 0.0947266 0.224603
2 0.916016 0.505371 0.0683594 0.108398 0.238616
2 0.442139 0.443848 0.0444336 0.0498047 0.244251
2 0.407471 0.452148 0.0668945 0.0820312 0.268553
9 0.962646 0.318848 0.0395508 0.0830078 0.329678
2 0.466309 0.436523 0.03125 0.0390625 0.395509
2 0.474609 0.428711 0.0185547 0.0253906 0.408215
2 0.456543 0.441406 0.0292969 0.0449219 0.451265
2 0.711426 0.501465 0.0556641 0.206055 0.452767
0 0.987549 0.497559 0.0249023 0.22168 0.459395
0 0.958008 0.495605 0.0341797 0.170898 0.486278
2 0.558105 0.440918 0.0253906 0.0556641 0.578124
2 0.536865 0.432617 0.0180664 0.0292969 0.600705
2 0.427002 0.450195 0.0532227 0.0703125 0.625065
2 0.224609 0.486816 0.210938 0.176758 0.722975
2 0.687988 0.48291 0.0830078 0.178711 0.732825
2 0.367676 0.461914 0.0859375 0.105469 0.746458
2 0.304199 0.471191 0.132812 0.125977 0.752392
2 0.590088 0.447266 0.0512695 0.09375 0.777776
2 0.631592 0.472168 0.0581055 0.125977 0.782211
2 0.773438 0.509277 0.160156 0.231445 0.850287
2 0.0993652 0.527832 0.196777 0.282227 0.872175
