2 0.602539 0.405762 0.046875 0.102539 0.254833
2 0.73584 0.4375 0.0429688 0.117188 0.265629
2 0.343018 0.429199 0.0180664 0.0537109 0.333336
2 0.20874 0.446289 0.0532227 0.0625 0.382379
2 0.220215 0.447266 0.0224609 0.0605469 0.384306
2 0.563721 0.402832 0.0463867 0.0966797 0.399253
7 0.562988 0.405273 0.0458984 0.0898438 0.452769
2 0.230225 0.444336 0.0327148 0.0546875 0.483078
2 0.245605 0.444336 0.0341797 0.0546875 0.520297
7 0.605225 0.401855 0.0493164 0.110352 0.540121
2 0.67627 0.436035 0.0439453 0.0908203 0.555152
2 0.192627 0.449219 0.0444336 0.0742188 0.562539
2 0.373779 0.410645 0.0229492 0.0419922 0.577025
2 0.654297 0.429688 0.046875 0.0839844 0.616631
2 0.162598 0.45166 0.046875 0.0830078 0.617132
2 0.268799 0.4375 0.0307617 0.0585938 0.67144
2 0.493164 0.430176 0.0283203 0.0439453 0.706419
2 0.702637 0.439453 0.0439453 0.0957031 0.711243
2 0.765869 0.435547 0.0825195 0.142578 0.733525
2 0.806885 0.452637 0.090332 0.155273 0.755369
2 0.946777 0.503418 0.106445 0.262695 0.761455
2 0.121338 0.461426 0.0620117 0.0869141 0.762498
2 0.0734863 0.472168 0.065918 0.0927734 0.784388
0 0.311279 0.392578 0.0463867 0.232422 0.798244
2 0.0246582 0.476074 0.0493164 0.110352 0.80979
2 0.88916 0.460938 0.125 0.197266 0.819998
