9 0.713867 0.273926 0.0175781 0.0751953 0.219759
0 0.513428 0.432617 0.0141602 0.0449219 0.229089
11 0.794434 0.245605 0.0302734 0.0654297 0.23186
0 0.74292 0.424316 0.0141602 0.0595703 0.253965
9 0.692139 0.133301 0.0141602 0.0634766 0.326609
2 0.0197754 0.449219 0.0375977 0.0332031 0.343844
9 0.296143 0.317871 0.0151367 0.0400391 0.377432
0 0.420898 0.455566 0.0546875 0.213867 0.436253
0 0.650391 0.44043 0.0166016 0.0878906 0.530981
2 0.467773 0.44873 0.0585938 0.102539 0.636008
2 0.365479 0.474121 0.0952148 0.120117 0.652243
1 0.434326 0.520508 0.123535 0.160156 0.740252
2 0.911377 0.433105 0.151855 0.174805 0.764739
2 0.180176 0.478027 0.232422 0.166992 0.896594
