0 0.680176 0.356934 0.0273438 0.100586 0.206957
0 0.659424 0.411621 0.164551 0.34668 0.296809
2 0.539795 0.451172 0.0258789 0.0761719 0.377009
0 0.705322 0.379395 0.0424805 0.0908203 0.513428
0 0.72998 0.363281 0.0292969 0.0859375 0.558002
0 0.653809 0.359375 0.0371094 0.117188 0.569399
7 0.66748 0.407715 0.168945 0.362305 0.600459
0 0.70459 0.337402 0.0322266 0.0966797 0.64645
2 0.369873 0.458984 0.0385742 0.0800781 0.657489
2 0.571289 0.462402 0.0400391 0.118164 0.658536
2 0.340088 0.46582 0.0581055 0.0839844 0.783833
2 0.495361 0.470215 0.0717773 0.116211 0.822081
2 0.435791 0.45459 0.0512695 0.0830078 0.824409
2 0.270264 0.483398 0.0756836 0.126953 0.874149
2 0.840088 0.575684 0.319824 0.413086 0.878756
2 0.15625 0.510742 0.171875 0.222656 0.903811
