2 0.375 0.463379 0.0341797 0.100586 0.205853
0 0.809326 0.442383 0.019043 0.109375 0.208709
0 0.854736 0.427734 0.0180664 0.113281 0.216962
1 0.657227 0.459473 0.0273438 0.0869141 0.219121
1 0.587646 0.481445 0.0307617 0.0664062 0.256256
0 0.30835 0.462402 0.0219727 0.100586 0.257247
1 0.644287 0.456543 0.0249023 0.0927734 0.258716
0 0.609131 0.470703 0.0415039 0.0859375 0.260241
0 0.663818 0.45752 0.0170898 0.0849609 0.269245
0 0.830566 0.449219 0.0214844 0.125 0.295836
1 0.580322 0.450684 0.0249023 0.110352 0.29808
0 0.281738 0.453125 0.0166016 0.0761719 0.306002
0 0.291748 0.453125 0.0151367 0.0761719 0.307571
0 0.485107 0.472168 0.0268555 0.102539 0.33764
1 0.797607 0.493164 0.0395508 0.101562 0.348729
0 0.0124512 0.504883 0.0239258 0.134766 0.359165
1 0.753418 0.476562 0.0605469 0.0996094 0.361033
0 0.642578 0.444336 0.0195312 0.0957031 0.364902
1 0.703613 0.468262 0.0322266 0.0634766 0.381763
1 0.608887 0.48291 0.0410156 0.0673828 0.395394
2 0.389893 0.449707 0.0483398 0.0986328 0.396921
0 0.819092 0.450684 0.0307617 0.12793 0.431572
2 0.447754 0.428711 0.0458984 0.0917969 0.476721
1 0.731201 0.468262 0.0307617 0.0791016 0.498294
2 0.54126 0.431152 0.0209961 0.0380859 0.504295
2 0.403076 0.448242 0.0268555 0.0917969 0.516101
0 0.578857 0.440918 0.0229492 0.102539 0.534143
0 0.607666 0.446289 0.0249023 0.119141 0.53822
1 0.0402832 0.531738 0.0356445 0.0947266 0.550542
0 0.261475 0.450684 0.0141602 0.0927734 0.554749
2 0.350342 0.463867 0.065918 0.113281 0.557166
2 0.945068 0.642578 0.10791 0.445312 0.685756
0 0.0397949 0.494141 0.0327148 0.15625 0.736575
0 0.911133 0.443359 0.0664062 0.267578 0.778591
