1 0.914795 0.45166 0.050293 0.0869141 0.215132
9 0.617676 0.11377 0.0253906 0.110352 0.215696
1 0.85791 0.43457 0.0185547 0.0976562 0.258507
2 0.746094 0.393066 0.0449219 0.116211 0.292715
2 0.588379 0.41748 0.0273438 0.0498047 0.294465
3 0.954102 0.45752 0.0332031 0.0888672 0.305685
2 0.203613 0.455566 0.0273438 0.0693359 0.331863
2 0.491455 0.42334 0.0297852 0.0537109 0.382539
0 0.857178 0.428711 0.0161133 0.0957031 0.394981
1 0.938232 0.45752 0.0600586 0.0869141 0.39997
0 0.809814 0.430664 0.0239258 0.111328 0.460747
1 0.884766 0.451172 0.0498047 0.0820312 0.471909
2 0.576172 0.418945 0.0361328 0.0507812 0.541419
2 0.280762 0.439941 0.0341797 0.0634766 0.555893
2 0.340332 0.436035 0.0908203 0.137695 0.635345
2 0.764893 0.42041 0.0737305 0.133789 0.67422
2 0.188721 0.45752 0.050293 0.0712891 0.687664
2 0.425293 0.440918 0.0517578 0.0634766 0.706259
2 0.465332 0.428223 0.0371094 0.0576172 0.711612
5 0.66333 0.362793 0.127441 0.327148 0.731286
2 0.241455 0.45166 0.0532227 0.0693359 0.760026
2 0.0405273 0.47998 0.0810547 0.0986328 0.823961
2 0.528809 0.453613 0.0654297 0.104492 0.846336
2 0.122803 0.468262 0.090332 0.0927734 0.849691
