0 0.101074 0.45459 0.0146484 0.0439453 0.200205
24 0.285889 0.484863 0.0336914 0.137695 0.206211
0 0.381104 0.515625 0.0366211 0.332031 0.210485
0 0.0844727 0.463379 0.0126953 0.0556641 0.247375
0 0.761963 0.422852 0.0258789 0.0800781 0.263181
26 0.51123 0.547852 0.0273438 0.0957031 0.282167
0 0.189941 0.44873 0.0117188 0.0712891 0.284932
24 0.368652 0.479492 0.0683594 0.234375 0.322293
9 0.80957 0.0864258 0.0810547 0.124023 0.322996
24 0.362549 0.449707 0.0424805 0.147461 0.440149
26 0.57251 0.489746 0.0307617 0.110352 0.527111
0 0.209229 0.450684 0.0200195 0.0908203 0.534229
0 0.48999 0.487793 0.0385742 0.227539 0.541292
9 0.836426 0.0717773 0.0410156 0.0849609 0.554096
0 0.158936 0.449707 0.012207 0.0595703 0.566087
9 0.790527 0.0996094 0.0410156 0.128906 0.657893
0 0.436035 0.513672 0.0341797 0.158203 0.663682
0 0.637939 0.434082 0.0200195 0.0947266 0.689523
0 0.367188 0.505859 0.0810547 0.349609 0.771581
0 0.552246 0.518066 0.0996094 0.362305 0.820248
0 0.257324 0.515137 0.0898438 0.311523 0.821696
0 0.970947 0.432617 0.0317383 0.138672 0.856165
0 0.685059 0.48877 0.0830078 0.362305 0.888108
