2 0.604004 0.436523 0.0361328 0.150391 0.20782
0 0.991699 0.306152 0.015625 0.114258 0.249312
0 0.422363 0.408691 0.0175781 0.0693359 0.428727
0 0.500977 0.40918 0.0175781 0.0703125 0.450767
2 0.668945 0.469727 0.0664062 0.167969 0.533568
7 0.636475 0.438477 0.097168 0.167969 0.590833
2 0.63916 0.440918 0.105469 0.170898 0.605886
0 0.458008 0.412109 0.0136719 0.0664062 0.666248
1 0.081543 0.496094 0.0546875 0.164062 0.718643
2 0.726074 0.498047 0.143555 0.203125 0.836122
0 0.0378418 0.449707 0.0424805 0.243164 0.847905
2 0.383301 0.458984 0.0732422 0.119141 0.873304
2 0.887451 0.582031 0.222168 0.455078 0.911906
