56 0.779541 0.482422 0.0268555 0.0839844 0.203185
0 0.72583 0.438965 0.0131836 0.0517578 0.215038
9 0.359375 0.375488 0.00878906 0.0205078 0.258582
2 0.976318 0.380859 0.0463867 0.0917969 0.25987
2 0.0280762 0.5 0.0561523 0.0859375 0.277148
56 0.883545 0.508301 0.0395508 0.0888672 0.29262
9 0.665527 0.354004 0.00976562 0.0400391 0.325104
56 0.842773 0.498535 0.0341797 0.0927734 0.329194
56 0.817139 0.494629 0.0268555 0.0869141 0.358844
56 0.791748 0.486816 0.0375977 0.0869141 0.389261
2 0.975342 0.42334 0.0493164 0.12793 0.43653
2 0.406006 0.431152 0.034668 0.0673828 0.502491
2 0.181641 0.460449 0.0830078 0.0634766 0.688071
2 0.480469 0.444336 0.0332031 0.0664062 0.781365
2 0.375977 0.462402 0.0458984 0.0693359 0.792109
2 0.438232 0.464844 0.0649414 0.109375 0.808932
2 0.0532227 0.671875 0.104492 0.328125 0.825986
5 0.0576172 0.408203 0.115234 0.201172 0.826035
2 0.558838 0.453125 0.0463867 0.078125 0.843286
