2 0.0773926 0.466309 0.0415039 0.0908203 0.235021
9 0.518311 0.383301 0.00830078 0.0185547 0.372804
2 0.321777 0.448242 0.0380859 0.046875 0.376078
9 0.620605 0.379883 0.00878906 0.0175781 0.41375
0 0.955078 0.45459 0.015625 0.0927734 0.447296
9 0.572021 0.322754 0.00634766 0.0244141 0.456298
2 0.354492 0.446289 0.0371094 0.0429688 0.504824
2 0.22876 0.456543 0.0571289 0.0673828 0.575029
2 0.111816 0.46582 0.0498047 0.0898438 0.606806
2 0.582275 0.437012 0.0327148 0.0478516 0.668806
0 0.930176 0.442871 0.0214844 0.124023 0.716291
2 0.270996 0.462402 0.0644531 0.0751953 0.808341
2 0.164062 0.475586 0.106445 0.109375 0.843782
2 0.0441895 0.491699 0.0874023 0.137695 0.857789
