60 0.0549316 0.546387 0.0483398 0.118164 0.208361
0 0.617676 0.608887 0.0654297 0.301758 0.212664
56 0.203369 0.525391 0.0512695 0.111328 0.23333
56 0.0231934 0.516113 0.0454102 0.21582 0.243605
1 0.76001 0.556641 0.149902 0.185547 0.246575
56 0.239014 0.509766 0.0415039 0.128906 0.2568
25 0.157471 0.329102 0.312988 0.390625 0.259703
58 0.209961 0.378906 0.0449219 0.160156 0.263982
56 0.0571289 0.549805 0.0458984 0.109375 0.291374
1 0.659424 0.528809 0.0629883 0.182617 0.31469
0 0.240723 0.493164 0.0439453 0.160156 0.322737
1 0.762451 0.539551 0.159668 0.633789 0.325075
1 0.628174 0.525391 0.0913086 0.216797 0.361309
2 0.922607 0.394043 0.154785 0.12207 0.465037
16 0.633545 0.711914 0.0922852 0.119141 0.477424
25 0.158691 0.218262 0.317383 0.157227 0.493077
1 0.817383 0.545898 0.0673828 0.173828 0.563627
1 0.693115 0.528809 0.0668945 0.19043 0.570044
58 0.122314 0.525391 0.0952148 0.199219 0.603603
58 0.0209961 0.525391 0.0419922 0.224609 0.638879
3 0.478027 0.527344 0.220703 0.306641 0.671726
0 0.759033 0.512695 0.154785 0.712891 0.722505
2 0.900879 0.507812 0.198242 0.238281 0.840657
