9 0.545166 0.278809 0.00634766 0.0263672 0.204177
0 0.0583496 0.424316 0.019043 0.0458984 0.232406
9 0.740479 0.261719 0.0297852 0.0644531 0.252519
0 0.332764 0.453613 0.0219727 0.131836 0.323296
9 0.575684 0.097168 0.0205078 0.0771484 0.353841
0 0.532471 0.438965 0.0219727 0.139648 0.359483
0 0.854736 0.428711 0.0161133 0.128906 0.36499
9 0.728516 0.256348 0.0175781 0.0517578 0.383612
0 0.479492 0.447266 0.0351562 0.146484 0.471147
0 0.739014 0.416992 0.0209961 0.0898438 0.481619
0 0.575928 0.443848 0.0209961 0.137695 0.526008
0 0.51416 0.448242 0.0263672 0.146484 0.530008
9 0.595459 0.0849609 0.0180664 0.101562 0.555578
9 0.747314 0.282715 0.0258789 0.110352 0.569216
0 0.550293 0.444336 0.0234375 0.150391 0.580629
0 0.68042 0.43457 0.0317383 0.140625 0.589516
0 0.373047 0.452637 0.0263672 0.147461 0.606319
0 0.704834 0.435059 0.0258789 0.143555 0.609106
0 0.39502 0.452637 0.0234375 0.147461 0.629906
0 0.322998 0.457031 0.0317383 0.132812 0.696906
0 0.420898 0.448242 0.0449219 0.142578 0.709572
0 0.277832 0.45459 0.0273438 0.15332 0.75122
0 0.599365 0.44043 0.0297852 0.144531 0.791395
0 0.17041 0.459473 0.0263672 0.166992 0.797923
0 0.22876 0.467285 0.0424805 0.163086 0.810491
