2 0.321533 0.453613 0.0219727 0.0244141 0.267922
2 0.456299 0.444824 0.0170898 0.0361328 0.317441
7 0.605469 0.426758 0.0478516 0.109375 0.388242
9 0.811279 0.381348 0.00927734 0.0517578 0.392258
0 0.904541 0.456543 0.0249023 0.124023 0.394959
2 0.43457 0.444336 0.0283203 0.0410156 0.467328
0 0.932617 0.458984 0.0253906 0.119141 0.542147
2 0.219727 0.461426 0.0341797 0.0439453 0.630108
2 0.128174 0.469238 0.0454102 0.0576172 0.658757
2 0.408447 0.453125 0.0473633 0.0507812 0.672597
2 0.521729 0.448242 0.0209961 0.0371094 0.711957
2 0.164307 0.464844 0.0415039 0.0546875 0.7161
2 0.370117 0.457031 0.0488281 0.0722656 0.7243
2 0.0849609 0.471191 0.0458984 0.0615234 0.73821
2 0.477783 0.446777 0.0249023 0.0380859 0.740766
2 0.0341797 0.473145 0.0683594 0.0751953 0.826249
2 0.628662 0.480957 0.0834961 0.12207 0.82724
2 0.690186 0.468262 0.0600586 0.0966797 0.838075
