2 0.508057 0.432617 0.0151367 0.0292969 0.202509
2 0.491699 0.438477 0.0205078 0.0253906 0.219601
2 0.582031 0.444824 0.0263672 0.0478516 0.265009
2 0.527588 0.435547 0.0219727 0.0234375 0.265542
2 0.660645 0.454102 0.0566406 0.113281 0.266086
2 0.413818 0.475586 0.027832 0.078125 0.279838
2 0.605469 0.4375 0.0175781 0.0566406 0.281391
2 0.635254 0.463867 0.03125 0.0683594 0.371621
2 0.619385 0.461426 0.0356445 0.0654297 0.380875
2 0.812744 0.467285 0.0668945 0.245117 0.384856
2 0.333252 0.46582 0.0385742 0.0664062 0.408062
3 0.414551 0.478027 0.0263672 0.0751953 0.416153
2 0.44751 0.444336 0.0229492 0.0253906 0.516685
0 0.322021 0.453613 0.0229492 0.112305 0.535362
2 0.572998 0.438965 0.0239258 0.0478516 0.583169
7 0.902832 0.463379 0.192383 0.327148 0.622179
2 0.646484 0.460938 0.0322266 0.078125 0.641055
2 0.347168 0.463867 0.0332031 0.0644531 0.682054
2 0.74292 0.487305 0.074707 0.148438 0.727738
2 0.282227 0.471191 0.0605469 0.104492 0.730533
2 0.0395508 0.518555 0.078125 0.191406 0.732436
2 0.378418 0.453613 0.0341797 0.0576172 0.740081
2 0.111084 0.504395 0.108887 0.165039 0.779115
2 0.69043 0.458008 0.0703125 0.132812 0.779565
2 0.220703 0.481934 0.0898438 0.124023 0.818633
