9 0.516357 0.345215 0.00634766 0.0205078 0.205112
2 0.520752 0.438477 0.0288086 0.0351562 0.21649
2 0.458008 0.439453 0.015625 0.03125 0.274593
2 0.400879 0.444824 0.0263672 0.0400391 0.295108
9 0.0979004 0.0322266 0.0327148 0.0644531 0.413102
2 0.670654 0.452637 0.0239258 0.0537109 0.462235
2 0.371826 0.45166 0.0336914 0.0458984 0.463855
2 0.654297 0.447754 0.0253906 0.0537109 0.517267
2 0.680908 0.45459 0.0268555 0.0634766 0.542412
2 0.69458 0.45459 0.0288086 0.0693359 0.603205
2 0.3396 0.453613 0.0405273 0.0517578 0.658798
2 0.720703 0.455566 0.0439453 0.0830078 0.73026
2 0.233154 0.452148 0.0825195 0.136719 0.757995
2 0.609619 0.453125 0.0415039 0.0683594 0.774973
2 0.547852 0.444824 0.0400391 0.0634766 0.783052
2 0.294434 0.467285 0.0458984 0.0732422 0.803994
2 0.78833 0.462891 0.074707 0.123047 0.836788
2 0.034668 0.500977 0.0693359 0.144531 0.855191
2 0.847168 0.475098 0.111328 0.155273 0.858637
2 0.935791 0.492676 0.127441 0.22168 0.890053
