1 0.583008 0.483887 0.0273438 0.100586 0.20421
0 0.781494 0.436523 0.0141602 0.0625 0.223463
1 0.593018 0.48291 0.027832 0.106445 0.223949
1 0.638672 0.49707 0.0400391 0.111328 0.241212
1 0.616455 0.492188 0.034668 0.109375 0.263209
0 0.711182 0.440918 0.0268555 0.129883 0.276803
0 0.462158 0.490723 0.0639648 0.102539 0.277729
1 0.533691 0.510254 0.0214844 0.0810547 0.290656
0 0.444336 0.441895 0.0253906 0.104492 0.293372
1 0.503906 0.494141 0.0234375 0.105469 0.299418
0 0.0461426 0.452637 0.0249023 0.0458984 0.310729
1 0.663574 0.504395 0.0546875 0.120117 0.322678
1 0.482666 0.500977 0.0610352 0.0917969 0.351977
1 0.209717 0.476562 0.0561523 0.103516 0.38777
1 0.6875 0.505859 0.0683594 0.123047 0.399382
0 0.505615 0.477051 0.0209961 0.12207 0.415627
0 0.481445 0.465332 0.0332031 0.135742 0.497695
0 0.357422 0.452637 0.0292969 0.145508 0.535524
1 0.459717 0.501465 0.0620117 0.0869141 0.655903
9 0.873291 0.243652 0.0229492 0.120117 0.672019
0 0.108887 0.443359 0.0185547 0.123047 0.696736
0 0.54126 0.46582 0.034668 0.152344 0.730387
0 0.0915527 0.442383 0.0209961 0.126953 0.736722
1 0.358887 0.497559 0.0498047 0.0869141 0.761589
