2 0.209717 0.40625 0.157715 0.117188 0.218169
2 0.542725 0.429688 0.0131836 0.0605469 0.225169
2 0.505371 0.419434 0.0166016 0.0205078 0.225966
7 0.716797 0.396973 0.197266 0.137695 0.26112
0 0.542725 0.429688 0.012207 0.0605469 0.305282
2 0.490479 0.425293 0.0209961 0.0302734 0.345564
2 0.481934 0.429199 0.0205078 0.0439453 0.442708
2 0.613525 0.452148 0.0454102 0.101562 0.504391
2 0.557861 0.427734 0.0375977 0.0625 0.531739
2 0.7854 0.51416 0.121582 0.211914 0.590835
2 0.411621 0.447266 0.0341797 0.109375 0.632215
2 0.582031 0.439941 0.0361328 0.0654297 0.63444
2 0.309814 0.450684 0.128418 0.25293 0.668347
2 0.387451 0.458496 0.0415039 0.143555 0.681933
2 0.659424 0.471191 0.0981445 0.137695 0.683331
2 0.466309 0.431152 0.0244141 0.0478516 0.695193
2 0.745117 0.483887 0.138672 0.182617 0.721301
2 0.897217 0.570312 0.202637 0.332031 0.7559
2 0.229248 0.499023 0.179199 0.298828 0.836823
2 0.0893555 0.577637 0.178711 0.463867 0.902938
