2 0.806152 0.400391 0.0410156 0.0644531 0.213611
9 0.435791 0.342285 0.0131836 0.0322266 0.230453
0 0.6521 0.39209 0.0249023 0.110352 0.292943
0 0.288574 0.416992 0.0244141 0.134766 0.42126
2 0.358154 0.407227 0.0297852 0.046875 0.470426
0 0.239014 0.38623 0.0258789 0.0693359 0.496585
1 0.253662 0.466797 0.0610352 0.0996094 0.527029
1 0.577148 0.49707 0.0234375 0.101562 0.567763
0 0.266602 0.420898 0.0253906 0.142578 0.62737
2 0.515137 0.42334 0.0478516 0.0986328 0.627848
0 0.571045 0.418457 0.0385742 0.176758 0.749042
2 0.457031 0.464844 0.126953 0.191406 0.881238
0 0.0839844 0.494141 0.104492 0.542969 0.906724
