0 0.297852 0.436523 0.0205078 0.0976562 0.215298
9 0.346924 0.28125 0.0200195 0.109375 0.215685
2 0.308594 0.441406 0.0292969 0.0820312 0.234593
0 0.842773 0.40332 0.0185547 0.105469 0.263561
9 0.345947 0.305664 0.012207 0.0566406 0.422173
2 0.691895 0.420898 0.0302734 0.0371094 0.531012
2 0.261963 0.411133 0.0288086 0.0449219 0.564235
0 0.819092 0.415039 0.0200195 0.119141 0.633613
9 0.484375 0.106445 0.0136719 0.0625 0.665465
2 0.434082 0.430176 0.0449219 0.0556641 0.700879
2 0.48584 0.430176 0.0703125 0.0693359 0.710167
0 0.231689 0.436523 0.0307617 0.117188 0.71713
2 0.020752 0.444336 0.0415039 0.0957031 0.797076
2 0.561523 0.449219 0.0839844 0.154297 0.868205
2 0.367676 0.464844 0.124023 0.15625 0.880316
2 0.155273 0.437012 0.124023 0.100586 0.902066
