0 0.455322 0.344238 0.0200195 0.0302734 0.200712
9 0.45459 0.286621 0.0146484 0.0498047 0.232533
0 0.441162 0.441895 0.105957 0.188477 0.302129
9 0.456055 0.30127 0.0205078 0.0732422 0.304519
9 0.517822 0.303711 0.0200195 0.0664062 0.361729
9 0.487549 0.314941 0.00927734 0.0458984 0.380428
0 0.48877 0.438965 0.0166016 0.0986328 0.446633
9 0.604004 0.191895 0.0166016 0.0654297 0.469478
0 0.53418 0.436523 0.0166016 0.0976562 0.476831
0 0.517578 0.432129 0.0195312 0.120117 0.573265
2 0.302246 0.422363 0.0507812 0.166992 0.686166
2 0.218506 0.438965 0.183105 0.317383 0.779205
2 0.142578 0.470703 0.166016 0.353516 0.805873
2 0.4375 0.442871 0.100586 0.180664 0.817808
5 0.824463 0.396484 0.344238 0.417969 0.859491
2 0.079834 0.524414 0.158691 0.662109 0.871901
