2 0.596924 0.458008 0.0239258 0.0449219 0.292953
2 0.653564 0.468262 0.0258789 0.0732422 0.306408
2 0.605469 0.462891 0.0263672 0.0527344 0.352998
2 0.581787 0.45459 0.0356445 0.0458984 0.399502
2 0.618896 0.464355 0.0317383 0.0576172 0.407823
2 0.638428 0.46582 0.0307617 0.0664062 0.419582
2 0.559326 0.455078 0.0229492 0.0371094 0.438623
2 0.477051 0.456055 0.0185547 0.0292969 0.511531
2 0.453369 0.462402 0.0229492 0.0458984 0.515239
1 0.232422 0.532227 0.0488281 0.117188 0.611468
7 0.824707 0.473633 0.276367 0.404297 0.641053
2 0.676514 0.465332 0.0444336 0.0966797 0.75768
2 0.521973 0.464355 0.0361328 0.0478516 0.767503
2 0.296387 0.490234 0.124023 0.144531 0.790715
2 0.400635 0.491699 0.0942383 0.137695 0.831164
