2 0.518799 0.394531 0.0200195 0.0234375 0.265669
2 0.759521 0.432129 0.0473633 0.104492 0.316482
2 0.546387 0.399414 0.0214844 0.0351562 0.337332
7 0.627197 0.32959 0.0844727 0.0927734 0.35169
2 0.493652 0.40332 0.0195312 0.0273438 0.357979
2 0.480225 0.404785 0.0180664 0.0361328 0.381877
2 0.382568 0.441895 0.0424805 0.118164 0.388808
2 0.439453 0.421387 0.0332031 0.0673828 0.552594
2 0.465088 0.407227 0.0327148 0.0488281 0.562639
2 0.406738 0.433105 0.0498047 0.102539 0.654361
2 0.10083 0.459473 0.199707 0.55957 0.659149
2 0.366211 0.44873 0.0458984 0.137695 0.668787
2 0.73291 0.439941 0.0849609 0.135742 0.689988
2 0.322754 0.456543 0.0771484 0.176758 0.790632
2 0.242676 0.473145 0.124023 0.250977 0.860002
2 0.648193 0.476562 0.209473 0.230469 0.867807
2 0.890381 0.541504 0.219238 0.411133 0.869648
