1 0.708008 0.491699 0.0214844 0.0810547 0.208991
9 0.416992 0.318359 0.00683594 0.0234375 0.219792
0 0.709717 0.446777 0.0297852 0.168945 0.617266
0 0.671875 0.435547 0.0224609 0.125 0.658917
9 0.547363 0.271484 0.00976562 0.0410156 0.669074
0 0.768799 0.447266 0.034668 0.164062 0.737116
0 0.919189 0.429688 0.027832 0.144531 0.739072
0 0.80835 0.448242 0.0375977 0.197266 0.762576
2 0.0202637 0.500488 0.0405273 0.147461 0.789501
0 0.841553 0.438965 0.0200195 0.137695 0.796217
2 0.573242 0.441895 0.0419922 0.0693359 0.821036
2 0.514648 0.449707 0.0439453 0.0673828 0.842969
