0 0.994385 0.439453 0.0112305 0.0839844 0.234328
2 0.557373 0.422852 0.0180664 0.0214844 0.2891
2 0.508545 0.431641 0.0170898 0.0253906 0.315563
9 0.284424 0.221191 0.0131836 0.0576172 0.362141
2 0.180908 0.45752 0.0327148 0.0458984 0.3668
2 0.0385742 0.470703 0.0458984 0.0488281 0.367695
9 0.895264 0.0390625 0.019043 0.0742188 0.38498
2 0.150879 0.444336 0.0332031 0.078125 0.420453
2 0.51709 0.429199 0.0175781 0.0263672 0.438837
2 0.0979004 0.461426 0.0561523 0.0517578 0.47464
9 0.866943 0.28125 0.0161133 0.0703125 0.523843
9 0.891113 0.280762 0.0195312 0.0771484 0.551507
2 0.219971 0.450684 0.0610352 0.0517578 0.68287
0 0.975342 0.437012 0.0297852 0.155273 0.773585
2 0.58374 0.447266 0.0522461 0.0722656 0.787709
2 0.368408 0.456055 0.0551758 0.0703125 0.873357
2 0.433838 0.44873 0.0483398 0.0771484 0.879788
