7 0.26001 0.448242 0.0610352 0.0703125 0.212691
2 0.577393 0.447754 0.0424805 0.0771484 0.239697
2 0.279785 0.454102 0.0576172 0.0507812 0.296335
2 0.544434 0.440918 0.0244141 0.0458984 0.323536
2 0.565918 0.442871 0.0263672 0.0673828 0.349268
2 0.380371 0.442383 0.0361328 0.0351562 0.378689
2 0.554932 0.441895 0.0268555 0.0576172 0.39156
2 0.319092 0.447266 0.034668 0.0410156 0.4251
2 0.29834 0.453613 0.0224609 0.0478516 0.441911
2 0.516846 0.43457 0.0239258 0.0410156 0.480421
2 0.414551 0.436523 0.0322266 0.0429688 0.494715
2 0.259766 0.45166 0.0585938 0.0615234 0.529073
2 0.478271 0.439941 0.027832 0.0400391 0.550797
2 0.0637207 0.468262 0.0854492 0.139648 0.561395
2 0.343018 0.445312 0.0375977 0.0410156 0.604484
2 0.454102 0.438965 0.0224609 0.0380859 0.607815
7 0.168213 0.431152 0.135254 0.219727 0.610755
2 0.590332 0.455078 0.0371094 0.0996094 0.697922
2 0.629639 0.466797 0.0522461 0.134766 0.724743
2 0.681152 0.493164 0.106445 0.189453 0.823337
2 0.0788574 0.632324 0.155762 0.493164 0.866322
2 0.799805 0.52832 0.212891 0.304688 0.867253
2 0.925293 0.578125 0.147461 0.560547 0.878954
