2 0.343506 0.44873 0.0327148 0.0302734 0.205552
2 0.447266 0.439941 0.0205078 0.0341797 0.241843
5 0.0490723 0.410156 0.0952148 0.152344 0.252548
2 0.33252 0.44873 0.0244141 0.0302734 0.345912
2 0.355469 0.448242 0.0195312 0.0273438 0.372461
5 0.957764 0.39209 0.0844727 0.229492 0.422479
2 0.375732 0.448242 0.0161133 0.0195312 0.428494
2 0.833252 0.418457 0.0444336 0.0576172 0.456135
2 0.806885 0.416992 0.0415039 0.0449219 0.503504
2 0.956055 0.586914 0.0878906 0.314453 0.854709
5 0.604736 0.407715 0.162598 0.204102 0.890668
2 0.714355 0.498535 0.164062 0.188477 0.920029
