0 0.544678 0.414551 0.0112305 0.0478516 0.202635
9 0.885742 0.276367 0.0488281 0.0800781 0.20658
9 0.290283 0.335938 0.0102539 0.0332031 0.213963
0 0.436279 0.404297 0.0795898 0.169922 0.266592
2 0.493652 0.426758 0.0185547 0.0332031 0.301221
5 0.436279 0.404785 0.0795898 0.170898 0.315425
9 0.0837402 0.270996 0.00927734 0.0380859 0.328653
2 0.584717 0.435547 0.0375977 0.0703125 0.341763
9 0.900146 0.275391 0.0219727 0.0800781 0.403913
0 0.10083 0.495117 0.0170898 0.0800781 0.41933
9 0.871094 0.275879 0.0166016 0.0849609 0.442364
7 0.436768 0.405762 0.0766602 0.176758 0.51709
0 0.561279 0.442383 0.0209961 0.101562 0.5275
9 0.294678 0.304688 0.0170898 0.0761719 0.614098
2 0.518311 0.430664 0.0327148 0.0507812 0.662074
2 0.388428 0.436035 0.0288086 0.0654297 0.702507
0 0.293945 0.446777 0.0185547 0.124023 0.711292
2 0.602539 0.445801 0.0634766 0.0810547 0.714021
2 0.338379 0.454102 0.0664062 0.0898438 0.785819
