2 0.245605 0.432617 0.0478516 0.0820312 0.246616
2 0.468994 0.464844 0.0493164 0.0742188 0.248483
7 0.113525 0.492188 0.225098 0.568359 0.296613
2 0.256104 0.45459 0.0395508 0.0966797 0.34333
2 0.352783 0.440918 0.0249023 0.0478516 0.383723
2 0.871826 0.513184 0.131348 0.188477 0.408458
2 0.516846 0.472656 0.0639648 0.0839844 0.461813
2 0.630615 0.482422 0.074707 0.121094 0.501164
2 0.375488 0.446777 0.0283203 0.0537109 0.506598
2 0.397949 0.453125 0.0273438 0.0527344 0.552257
2 0.420654 0.459473 0.0366211 0.0537109 0.563734
2 0.491943 0.46875 0.0717773 0.0820312 0.660427
2 0.574219 0.468262 0.107422 0.120117 0.691803
0 0.673584 0.466797 0.0327148 0.199219 0.701437
2 0.817383 0.507324 0.121094 0.180664 0.721756
2 0.736328 0.503418 0.104492 0.155273 0.721863
2 0.444092 0.463379 0.0444336 0.0615234 0.725501
2 0.11377 0.495605 0.227539 0.584961 0.744721
2 0.919922 0.571289 0.15918 0.302734 0.779849
2 0.30249 0.478516 0.10791 0.138672 0.842537
