2 0.410889 0.444824 0.0249023 0.0517578 0.205716
2 0.618164 0.435547 0.0253906 0.0371094 0.225434
9 0.481445 0.222656 0.0126953 0.0761719 0.226505
7 0.680664 0.428223 0.0585938 0.104492 0.238291
2 0.652832 0.441895 0.0214844 0.0595703 0.270656
2 0.57251 0.443848 0.0200195 0.0517578 0.276618
2 0.632812 0.437988 0.0273438 0.0439453 0.305095
2 0.642578 0.442383 0.0253906 0.0488281 0.363138
11 0.706787 0.349609 0.0415039 0.0878906 0.385572
5 0.547363 0.375 0.0732422 0.197266 0.402692
2 0.989258 0.482422 0.0214844 0.0742188 0.492902
2 0.681885 0.429688 0.0522461 0.0996094 0.551924
2 0.429688 0.448242 0.0332031 0.0488281 0.557108
2 0.459961 0.446777 0.0302734 0.0419922 0.562393
2 0.493164 0.44043 0.0283203 0.0292969 0.631998
2 0.789062 0.462402 0.09375 0.0947266 0.660341
2 0.736084 0.453613 0.0600586 0.0888672 0.686397
2 0.304199 0.458008 0.0849609 0.138672 0.751827
2 0.353027 0.459473 0.0332031 0.0966797 0.7859
2 0.0795898 0.53418 0.158203 0.25 0.889633
2 0.228516 0.48584 0.130859 0.139648 0.891431
