2 0.575195 0.432129 0.0410156 0.0654297 0.264971
6 0.9104 0.353027 0.175293 0.264648 0.27693
2 0.61792 0.429688 0.027832 0.046875 0.349842
2 0.758301 0.409668 0.0595703 0.131836 0.379977
2 0.628174 0.424805 0.0170898 0.0449219 0.384591
2 0.591309 0.432129 0.0302734 0.0556641 0.410161
2 0.645508 0.420898 0.0195312 0.0429688 0.463668
7 0.758545 0.409668 0.0541992 0.131836 0.466544
2 0.505371 0.446777 0.0410156 0.0712891 0.54781
0 0.0510254 0.501465 0.0727539 0.389648 0.723812
0 0.146484 0.540039 0.0576172 0.289062 0.764156
0 0.535156 0.454102 0.0410156 0.183594 0.786853
0 0.470459 0.458496 0.0424805 0.178711 0.798096
2 0.718018 0.475586 0.108887 0.175781 0.809987
2 0.412354 0.463867 0.0649414 0.0976562 0.82111
2 0.344727 0.470703 0.0859375 0.132812 0.856357
2 0.243408 0.495117 0.141113 0.160156 0.880342
