2 0.634766 0.429199 0.0380859 0.0869141 0.202726
2 0.095459 0.516113 0.065918 0.0615234 0.202737
9 0.689941 0.228027 0.0146484 0.0830078 0.232525
13 0.095459 0.515625 0.0678711 0.0605469 0.238471
0 0.291016 0.42041 0.0195312 0.124023 0.243314
2 0.730469 0.447754 0.0810547 0.135742 0.247968
9 0.00488281 0.290039 0.00976562 0.109375 0.317133
0 0.271729 0.407715 0.0258789 0.118164 0.360032
0 0.874023 0.473633 0.0244141 0.158203 0.364886
2 0.610107 0.436035 0.0249023 0.0556641 0.473298
9 0.249512 0.21875 0.0302734 0.0722656 0.486765
9 0.853027 0.245605 0.0214844 0.0810547 0.568973
2 0.652344 0.433105 0.0566406 0.0927734 0.578808
2 0.937012 0.568359 0.125977 0.333984 0.600347
2 0.67749 0.450684 0.0463867 0.104492 0.629071
2 0.56958 0.439453 0.0561523 0.101562 0.641966
2 0.475342 0.418457 0.027832 0.0302734 0.673705
7 0.731934 0.450195 0.0761719 0.140625 0.678413
9 0.0891113 0.175293 0.0239258 0.102539 0.750993
2 0.429688 0.431641 0.0478516 0.0644531 0.8386
