2 0.318604 0.40332 0.0942383 0.0957031 0.221338
2 0.40625 0.425781 0.0195312 0.0273438 0.250894
9 0.619873 0.302246 0.0161133 0.0380859 0.288556
2 0.610107 0.45166 0.0200195 0.0947266 0.311216
7 0.222656 0.425293 0.0751953 0.161133 0.381678
0 0.609863 0.453125 0.0185547 0.0957031 0.385387
1 0.727783 0.457031 0.0385742 0.0722656 0.438671
2 0.220459 0.430664 0.0766602 0.15625 0.505795
2 0.581055 0.430176 0.0361328 0.0576172 0.731548
2 0.665283 0.441895 0.0561523 0.0791016 0.771256
2 0.290039 0.45459 0.0898438 0.118164 0.79119
0 0.762939 0.438477 0.0415039 0.244141 0.802251
2 0.491455 0.432129 0.0454102 0.0595703 0.808381
2 0.445557 0.443359 0.0532227 0.0859375 0.859726
0 0.806885 0.44043 0.043457 0.244141 0.884879
2 0.110107 0.501953 0.217285 0.238281 0.908424
