2 0.721436 0.455566 0.153809 0.100586 0.305476
2 0.719727 0.457031 0.0322266 0.0839844 0.330104
2 0.783936 0.442383 0.0571289 0.0996094 0.332898
2 0.338135 0.466309 0.10791 0.15332 0.338061
2 0.736084 0.447754 0.0493164 0.102539 0.425201
2 0.453369 0.453613 0.0493164 0.0830078 0.506534
2 0.490234 0.441895 0.0419922 0.0654297 0.516467
2 0.763672 0.460938 0.0732422 0.117188 0.614832
2 0.381592 0.462402 0.127441 0.139648 0.678512
7 0.641602 0.409668 0.0605469 0.157227 0.681467
2 0.817627 0.467773 0.0698242 0.128906 0.746205
2 0.973633 0.504883 0.0517578 0.193359 0.752406
5 0.550293 0.427734 0.0673828 0.144531 0.758446
2 0.897461 0.480469 0.151367 0.179688 0.796895
2 0.67627 0.458496 0.0654297 0.104492 0.833873
2 0.250732 0.513184 0.185059 0.268555 0.855509
2 0.101074 0.522461 0.202148 0.363281 0.898418
