2 0.587646 0.432129 0.0522461 0.0732422 0.292673
7 0.2146 0.464355 0.138184 0.141602 0.296497
2 0.680176 0.463867 0.0664062 0.205078 0.388824
2 0.658447 0.461914 0.0581055 0.177734 0.563952
2 0.640381 0.459961 0.0522461 0.142578 0.583662
2 0.212891 0.465332 0.137695 0.139648 0.691271
2 0.328613 0.453613 0.0683594 0.112305 0.695257
9 0.537109 0.232422 0.0107422 0.0507812 0.716293
2 0.462158 0.432617 0.034668 0.0449219 0.751185
2 0.566162 0.429199 0.027832 0.0439453 0.759885
2 0.606934 0.45166 0.0546875 0.125977 0.764287
2 0.962158 0.642578 0.074707 0.386719 0.804144
2 0.746582 0.477539 0.169922 0.275391 0.832571
2 0.412598 0.435059 0.0351562 0.0537109 0.845076
2 0.516846 0.438965 0.0473633 0.0927734 0.860183
2 0.878418 0.54248 0.241211 0.364258 0.876669
2 0.0869141 0.512695 0.173828 0.175781 0.899069
