9 0.931152 0.059082 0.0371094 0.114258 0.208635
9 0.509521 0.322266 0.0102539 0.0390625 0.208844
2 0.0678711 0.4375 0.135742 0.205078 0.210243
9 0.936523 0.293457 0.0185547 0.0517578 0.238214
9 0.68457 0.0107422 0.0234375 0.0214844 0.251513
9 0.547852 0.325195 0.0107422 0.0371094 0.268763
9 0.870117 0.314941 0.0185547 0.0869141 0.277127
7 0.0297852 0.422852 0.0585938 0.291016 0.280732
5 0.0305176 0.422852 0.059082 0.289062 0.442388
9 0.518799 0.0209961 0.0268555 0.0400391 0.487759
9 0.978027 0.239258 0.0195312 0.0917969 0.488433
9 0.552979 0.0224609 0.0307617 0.0449219 0.599104
0 0.504395 0.440918 0.0214844 0.108398 0.648213
2 0.287598 0.452148 0.0546875 0.0664062 0.796656
6 0.402588 0.394531 0.154785 0.1875 0.804292
2 0.202148 0.466309 0.106445 0.108398 0.827818
2 0.113037 0.476074 0.090332 0.100586 0.847192
