2 0.53833 0.429688 0.0131836 0.0449219 0.210526
9 0.591064 0.350586 0.00830078 0.0292969 0.211339
7 0.460205 0.414551 0.0561523 0.0888672 0.212618
0 0.694092 0.415039 0.019043 0.105469 0.228141
5 0.475342 0.401855 0.0375977 0.0830078 0.260354
2 0.265381 0.422363 0.0688477 0.106445 0.286268
2 0.527832 0.415039 0.0195312 0.0429688 0.40338
7 0.367676 0.407715 0.0419922 0.0712891 0.460565
7 0.475342 0.400391 0.0366211 0.0898438 0.49985
0 0.728271 0.407715 0.0141602 0.112305 0.533615
2 0.232422 0.443848 0.0458984 0.0654297 0.645506
2 0.419678 0.428711 0.0268555 0.0410156 0.656692
2 0.446777 0.436523 0.0400391 0.0722656 0.722188
2 0.562744 0.427246 0.0327148 0.0595703 0.785424
2 0.293701 0.442383 0.0874023 0.125 0.823158
2 0.126709 0.567383 0.249512 0.478516 0.834782
