1 0.122559 0.476074 0.0419922 0.114258 0.201309
2 0.474121 0.430664 0.015625 0.03125 0.241035
2 0.457764 0.431641 0.0209961 0.0410156 0.278394
2 0.467529 0.432129 0.0219727 0.0380859 0.335197
2 0.410156 0.446289 0.0214844 0.0664062 0.407745
2 0.57373 0.439453 0.0263672 0.0429688 0.49299
2 0.430908 0.437988 0.0327148 0.0595703 0.547839
2 0.421143 0.440918 0.0249023 0.0712891 0.611605
2 0.352051 0.460449 0.0517578 0.0927734 0.617595
2 0.602051 0.443848 0.0322266 0.0576172 0.666434
2 0.443604 0.437012 0.0297852 0.0498047 0.6779
2 0.502441 0.431641 0.0234375 0.0351562 0.738396
2 0.389893 0.45459 0.0405273 0.0712891 0.739567
2 0.634277 0.449707 0.0458984 0.0673828 0.762746
2 0.295898 0.474121 0.0761719 0.143555 0.843727
2 0.192383 0.473145 0.154297 0.204102 0.888077
2 0.0458984 0.530762 0.0917969 0.303711 0.895893
