2 0.599121 0.42041 0.0185547 0.0380859 0.267556
0 0.765137 0.414062 0.0615234 0.181641 0.276189
0 0.410645 0.455566 0.0361328 0.112305 0.311829
2 0.828125 0.410645 0.0927734 0.385742 0.361953
24 0.762207 0.394531 0.0546875 0.125 0.391535
7 0.827148 0.401855 0.09375 0.374023 0.404252
2 0.633057 0.432617 0.0327148 0.0644531 0.420313
2 0.604736 0.427246 0.0170898 0.0478516 0.470135
7 0.358154 0.410156 0.0922852 0.164062 0.48165
2 0.619873 0.429688 0.0209961 0.0546875 0.518114
2 0.355713 0.450684 0.0756836 0.131836 0.608943
2 0.678467 0.439941 0.0473633 0.116211 0.65691
2 0.645508 0.431641 0.0332031 0.0742188 0.658473
1 0.898926 0.670898 0.0927734 0.363281 0.659022
1 0.771973 0.588379 0.0449219 0.206055 0.660075
2 0.962891 0.541992 0.0742188 0.380859 0.66681
0 0.765625 0.460938 0.0771484 0.357422 0.676714
0 0.442383 0.44873 0.0283203 0.124023 0.695282
0 0.478027 0.43457 0.0302734 0.146484 0.722279
2 0.707275 0.460938 0.0415039 0.119141 0.727889
2 0.531494 0.432129 0.0883789 0.0888672 0.822022
0 0.881592 0.430664 0.124512 0.511719 0.84078
2 0.290283 0.476074 0.102051 0.172852 0.846453
2 0.17627 0.500977 0.170898 0.261719 0.87457
2 0.060791 0.529785 0.121582 0.319336 0.890628
