2 0.0480957 0.422852 0.090332 0.162109 0.245308
1 0.201904 0.465332 0.0375977 0.0673828 0.29603
1 0.167969 0.461426 0.0400391 0.0751953 0.452931
9 0.586914 0.277344 0.0224609 0.0917969 0.481135
1 0.186768 0.460449 0.0581055 0.0791016 0.509909
7 0.0490723 0.425293 0.0952148 0.163086 0.512429
9 0.561035 0.285645 0.0175781 0.100586 0.645286
0 0.536865 0.427734 0.0307617 0.128906 0.67752
9 0.346191 0.249023 0.0205078 0.0644531 0.679064
2 0.0942383 0.45752 0.0966797 0.133789 0.680381
0 0.478027 0.433594 0.0253906 0.125 0.847006
