0 0.443604 0.430176 0.012207 0.0380859 0.230506
9 0.713623 0.17041 0.0102539 0.0322266 0.265437
0 0.376221 0.421875 0.0200195 0.09375 0.34497
2 0.600342 0.440918 0.0229492 0.0732422 0.428819
2 0.616943 0.438965 0.0209961 0.0458984 0.467304
0 0.0527344 0.410645 0.0234375 0.19043 0.492465
0 0.596436 0.440918 0.0200195 0.0927734 0.549383
0 0.341797 0.418457 0.0126953 0.0791016 0.635367
9 0.635498 0.202637 0.012207 0.0478516 0.696928
0 0.0332031 0.401855 0.0361328 0.204102 0.744528
9 0.496826 0.169922 0.0161133 0.0546875 0.787029
2 0.522461 0.450684 0.0683594 0.112305 0.793685
5 0.704102 0.348145 0.160156 0.391602 0.89333
5 0.884521 0.366699 0.227051 0.731445 0.923027
