7 0.360596 0.435059 0.043457 0.0869141 0.205618
2 0.330566 0.466309 0.0439453 0.112305 0.253248
2 0.360107 0.4375 0.0444336 0.0859375 0.338972
2 0.478027 0.442871 0.0195312 0.0302734 0.352257
2 0.456787 0.453613 0.0161133 0.0302734 0.380678
2 0.440674 0.453125 0.0219727 0.0371094 0.437734
2 0.306885 0.463379 0.0610352 0.133789 0.453672
2 0.564697 0.467773 0.027832 0.0644531 0.481944
2 0.577148 0.471191 0.0244141 0.0693359 0.491086
2 0.686035 0.499023 0.0810547 0.183594 0.52231
2 0.60083 0.473633 0.0444336 0.0917969 0.58472
2 0.266846 0.474121 0.0571289 0.141602 0.601603
2 0.744385 0.525391 0.14502 0.255859 0.738112
2 0.637695 0.489746 0.0712891 0.137695 0.784439
2 0.383789 0.480469 0.0800781 0.115234 0.800629
2 0.21875 0.498535 0.0810547 0.141602 0.802225
2 0.0412598 0.529297 0.081543 0.197266 0.825563
2 0.516602 0.475586 0.0664062 0.117188 0.828349
2 0.133301 0.517578 0.125 0.179688 0.87088
2 0.875488 0.581543 0.244141 0.43457 0.897402
