2 0.457031 0.416504 0.046875 0.0576172 0.223865
2 0.482178 0.416016 0.0249023 0.0292969 0.242202
2 0.581299 0.427734 0.0229492 0.0449219 0.286955
2 0.46582 0.416992 0.03125 0.0410156 0.323238
2 0.491943 0.414062 0.0209961 0.0273438 0.324434
2 0.564697 0.421875 0.0180664 0.0371094 0.39672
2 0.439453 0.424316 0.0605469 0.0556641 0.493722
5 0.90332 0.374512 0.192383 0.72168 0.671122
2 0.52832 0.420898 0.0234375 0.0332031 0.681875
2 0.370117 0.435059 0.0869141 0.0869141 0.748804
2 0.208984 0.460938 0.141602 0.160156 0.765702
2 0.29541 0.447266 0.110352 0.132812 0.813799
2 0.0998535 0.459961 0.169434 0.207031 0.818793
2 0.674072 0.45459 0.0698242 0.125977 0.819625
2 0.0656738 0.501465 0.128418 0.211914 0.835531
2 0.750244 0.473633 0.111816 0.158203 0.889196
