2 0.440918 0.456055 0.0195312 0.0273438 0.202516
2 0.664795 0.473633 0.0600586 0.146484 0.216618
0 0.0463867 0.42627 0.0214844 0.0791016 0.218262
2 0.637695 0.46875 0.0390625 0.111328 0.239443
2 0.597168 0.463379 0.03125 0.0908203 0.243594
2 0.708008 0.48291 0.0517578 0.141602 0.275939
0 0.676758 0.501953 0.0400391 0.142578 0.295921
2 0.506836 0.453125 0.0253906 0.0234375 0.298636
2 0.327637 0.465332 0.0185547 0.0400391 0.305035
9 0.507324 0.355957 0.00585938 0.0224609 0.349982
3 0.678711 0.534668 0.0332031 0.125977 0.354333
1 0.678955 0.535156 0.0327148 0.125 0.360705
2 0.414795 0.444336 0.0180664 0.046875 0.401292
2 0.403564 0.456055 0.0219727 0.0507812 0.43599
9 0.440674 0.40332 0.00830078 0.0253906 0.443867
5 0.281006 0.413574 0.108887 0.18457 0.5648
2 0.471436 0.450684 0.0258789 0.0341797 0.60171
0 0.665771 0.462891 0.0454102 0.162109 0.616541
7 0.279785 0.412109 0.106445 0.181641 0.629093
2 0.373291 0.461426 0.0473633 0.0810547 0.741048
2 0.617676 0.462402 0.0673828 0.112305 0.745594
2 0.166748 0.481445 0.065918 0.111328 0.81459
2 0.101074 0.495605 0.107422 0.143555 0.8212
2 0.744141 0.497559 0.0927734 0.170898 0.822586
2 0.224854 0.469238 0.065918 0.0947266 0.836209
2 0.941895 0.595215 0.115234 0.286133 0.843462
2 0.0268555 0.508789 0.0537109 0.173828 0.880772
2 0.863525 0.527832 0.221191 0.245117 0.885851
