2 0.621338 0.397949 0.0209961 0.0302734 0.204634
2 0.558838 0.386719 0.0219727 0.0410156 0.211621
2 0.795654 0.438965 0.0327148 0.0908203 0.213336
1 0.961914 0.473145 0.0488281 0.0849609 0.338866
11 0.491943 0.192871 0.0356445 0.0732422 0.402691
2 0.579834 0.405273 0.0209961 0.0566406 0.449921
9 0.555664 0.239746 0.0244141 0.0771484 0.505662
0 0.306641 0.462402 0.0253906 0.143555 0.530063
7 0.733887 0.41748 0.120117 0.194336 0.530122
0 0.990479 0.446289 0.0180664 0.142578 0.535833
0 0.275146 0.458984 0.0249023 0.162109 0.552786
2 0.731934 0.417969 0.120117 0.197266 0.580084
9 0.89624 0.253906 0.0219727 0.103516 0.60959
2 0.666016 0.413086 0.0253906 0.0527344 0.672624
0 0.5979 0.464355 0.0297852 0.186523 0.685834
5 0.10498 0.404297 0.209961 0.761719 0.690862
0 0.24292 0.458008 0.027832 0.169922 0.691002
0 0.424805 0.458984 0.0361328 0.181641 0.760178
0 0.386963 0.456543 0.0327148 0.170898 0.788784
0 0.554443 0.489258 0.0375977 0.226562 0.803108
0 0.508789 0.44043 0.0332031 0.162109 0.808544
0 0.63916 0.471191 0.0322266 0.206055 0.829943
2 0.854004 0.450684 0.105469 0.129883 0.882169
