2 0.631592 0.413086 0.0229492 0.0546875 0.211536
11 0.203613 0.477051 0.0478516 0.0888672 0.251551
2 0.506592 0.418457 0.0258789 0.0205078 0.275448
2 0.516846 0.419922 0.0200195 0.0195312 0.362133
9 0.261719 0.32959 0.0117188 0.0556641 0.416367
7 0.366943 0.452637 0.0727539 0.0888672 0.452774
2 0.41748 0.432129 0.0253906 0.0517578 0.521454
2 0.366455 0.451172 0.0756836 0.09375 0.566198
2 0.471924 0.409668 0.0200195 0.0400391 0.588655
2 0.54541 0.414551 0.0175781 0.0400391 0.613409
2 0.981934 0.677246 0.0351562 0.327148 0.696954
2 0.654053 0.449219 0.0561523 0.134766 0.789419
2 0.738281 0.447754 0.139648 0.219727 0.79703
2 0.580078 0.430176 0.0302734 0.0478516 0.797735
