2 0.475098 0.433105 0.0234375 0.0361328 0.202281
2 0.967529 0.57666 0.0649414 0.264648 0.243294
2 0.465576 0.437012 0.034668 0.0478516 0.275504
2 0.863037 0.494141 0.175293 0.203125 0.319411
2 0.791748 0.425781 0.0795898 0.0585938 0.351382
2 0.534424 0.421875 0.0307617 0.0488281 0.380712
2 0.453369 0.439941 0.0297852 0.0498047 0.408966
2 0.634521 0.433594 0.0375977 0.0605469 0.409379
2 0.422852 0.441895 0.0380859 0.0654297 0.415952
2 0.54834 0.42334 0.0458984 0.0498047 0.418474
2 0.328369 0.458984 0.0688477 0.117188 0.553603
2 0.50708 0.416992 0.0268555 0.0527344 0.631743
2 0.0234375 0.491699 0.0458984 0.225586 0.652714
2 0.560059 0.428711 0.0263672 0.0429688 0.693909
2 0.38208 0.452148 0.0834961 0.0839844 0.760791
0 0.600342 0.459473 0.0522461 0.27832 0.782844
2 0.265869 0.469727 0.090332 0.144531 0.784305
2 0.91333 0.519043 0.172363 0.274414 0.85283
2 0.710693 0.51416 0.159668 0.231445 0.874133
2 0.133057 0.525391 0.239746 0.333984 0.884049
