0 0.367188 0.443359 0.0146484 0.0761719 0.201896
1 0.303467 0.47168 0.0317383 0.0761719 0.205524
0 0.852051 0.446289 0.0205078 0.144531 0.219942
3 0.286377 0.479492 0.0493164 0.0800781 0.26748
0 0.353516 0.444336 0.0166016 0.0722656 0.275698
5 0.559326 0.373047 0.0219727 0.0449219 0.27948
1 0.354248 0.447754 0.0170898 0.0693359 0.292662
9 0.0783691 0.0195312 0.0375977 0.0371094 0.309788
2 0.451172 0.390625 0.0185547 0.0390625 0.317203
1 0.289307 0.477539 0.0522461 0.0820312 0.322727
2 0.55957 0.37207 0.0214844 0.046875 0.334226
1 0.82251 0.496582 0.0288086 0.102539 0.350672
2 0.517822 0.410645 0.0327148 0.0419922 0.423122
1 0.784912 0.529785 0.0317383 0.106445 0.540807
2 0.545654 0.414062 0.0249023 0.0351562 0.62698
9 0.550537 0.259277 0.00830078 0.0400391 0.653098
1 0.728271 0.541016 0.0268555 0.123047 0.668342
0 0.888672 0.438477 0.0234375 0.132812 0.677076
2 0.486816 0.385254 0.0195312 0.0400391 0.711161
0 0.783447 0.465332 0.0307617 0.174805 0.716434
0 0.727783 0.463867 0.043457 0.228516 0.727628
2 0.516602 0.450195 0.0390625 0.0664062 0.779658
2 0.436523 0.45459 0.0429688 0.0615234 0.857282
2 0.135986 0.57959 0.265137 0.356445 0.913889
