9 0.596436 0.380371 0.012207 0.0322266 0.20174
9 0.856445 0.361816 0.00976562 0.0283203 0.210954
9 0.595947 0.355957 0.0131836 0.0595703 0.22242
2 0.027832 0.471191 0.0380859 0.0810547 0.226754
0 0.871826 0.425781 0.00927734 0.0546875 0.239545
9 0.840088 0.36377 0.0102539 0.0458984 0.273155
9 0.596924 0.341309 0.012207 0.0263672 0.291744
2 0.726318 0.419922 0.0180664 0.0292969 0.348914
2 0.97998 0.473633 0.0400391 0.166016 0.42927
9 0.675049 0.272949 0.00732422 0.0341797 0.522792
2 0.578857 0.430176 0.027832 0.0322266 0.614396
0 0.849365 0.430176 0.0141602 0.0634766 0.645645
2 0.101074 0.467773 0.134766 0.109375 0.749843
2 0.179688 0.453613 0.0625 0.0966797 0.758323
2 0.957031 0.459961 0.0849609 0.15625 0.765999
2 0.625 0.432617 0.0546875 0.0839844 0.77943
5 0.359863 0.411133 0.182617 0.134766 0.859393
