0 0.267822 0.413574 0.0161133 0.0869141 0.204671
2 0.446289 0.401855 0.0234375 0.0322266 0.216936
0 0.0527344 0.448242 0.0498047 0.107422 0.23639
0 0.065918 0.438477 0.0244141 0.0820312 0.256189
2 0.454102 0.400879 0.0185547 0.0283203 0.342573
2 0.330322 0.409668 0.0805664 0.0693359 0.366339
11 0.773193 0.257324 0.0249023 0.0537109 0.391739
2 0.39209 0.419434 0.0292969 0.0615234 0.457045
2 0.420654 0.407227 0.0249023 0.0390625 0.466151
2 0.305176 0.418945 0.0761719 0.0703125 0.522102
2 0.534912 0.403809 0.0424805 0.0537109 0.600933
0 0.246582 0.429688 0.0302734 0.111328 0.601832
0 0.502686 0.428711 0.027832 0.128906 0.62244
2 0.355225 0.416992 0.0600586 0.0664062 0.637591
0 0.0200195 0.442871 0.0146484 0.0947266 0.649972
0 0.0395508 0.44873 0.0253906 0.12207 0.719886
