2 0.51001 0.4375 0.0209961 0.0292969 0.205224
2 0.54541 0.4375 0.015625 0.0273438 0.214358
2 0.43335 0.446777 0.0229492 0.0439453 0.233856
2 0.0065918 0.588867 0.0131836 0.152344 0.235165
2 0.479492 0.443848 0.015625 0.0302734 0.253293
2 0.522705 0.435059 0.0288086 0.0341797 0.263031
2 0.238037 0.493652 0.111816 0.143555 0.316313
2 0.621338 0.460449 0.0424805 0.104492 0.323087
2 0.571289 0.447266 0.0214844 0.0507812 0.354277
2 0.446289 0.446777 0.0351562 0.0458984 0.363369
2 0.578369 0.446289 0.0229492 0.0625 0.459528
2 0.335938 0.478027 0.046875 0.0908203 0.463671
2 0.313232 0.482422 0.0678711 0.101562 0.492663
2 0.597168 0.456055 0.0302734 0.0820312 0.550666
2 0.45874 0.446777 0.0258789 0.0439453 0.604754
2 0.638428 0.453125 0.0698242 0.142578 0.715848
2 0.267822 0.492676 0.0649414 0.124023 0.719925
2 0.195801 0.503418 0.100586 0.172852 0.723464
2 0.394531 0.485352 0.0878906 0.107422 0.837819
2 0.706299 0.480957 0.104004 0.168945 0.861109
2 0.0854492 0.530762 0.165039 0.211914 0.885866
