10 0.803467 0.431152 0.0209961 0.125977 0.221154
2 0.430664 0.441895 0.0166016 0.0263672 0.233001
2 0.66626 0.428223 0.0932617 0.100586 0.24613
2 0.480957 0.44043 0.0185547 0.0273438 0.250479
2 0.590332 0.443359 0.0214844 0.03125 0.266698
2 0.396484 0.430176 0.0429688 0.0791016 0.269588
2 0.61499 0.424805 0.043457 0.0742188 0.27251
2 0.452881 0.438477 0.0209961 0.0234375 0.32376
2 0.30957 0.446777 0.0742188 0.133789 0.386898
2 0.502197 0.447266 0.0288086 0.046875 0.452567
7 0.66626 0.42627 0.0932617 0.0947266 0.453658
2 0.634033 0.43457 0.0356445 0.0742188 0.466769
7 0.397461 0.428223 0.0449219 0.0810547 0.499922
7 0.310303 0.444824 0.0737305 0.135742 0.545444
0 0.802979 0.433594 0.0200195 0.121094 0.63881
7 0.140381 0.447754 0.195801 0.22168 0.647427
2 0.269531 0.472656 0.0673828 0.117188 0.657939
2 0.358643 0.447266 0.0415039 0.0820312 0.697207
2 0.55249 0.454102 0.0336914 0.0488281 0.703206
0 0.202148 0.484375 0.0419922 0.195312 0.745993
2 0.076416 0.49707 0.151855 0.185547 0.780812
2 0.73291 0.442383 0.0820312 0.0644531 0.809272
