2 0.758789 0.400879 0.0986328 0.110352 0.205451
0 0.805908 0.370117 0.0141602 0.0410156 0.210047
2 0.531738 0.42627 0.0205078 0.0244141 0.213197
2 0.568359 0.434082 0.0283203 0.0419922 0.219152
2 0.159668 0.430176 0.0742188 0.0673828 0.243525
2 0.455078 0.433105 0.0224609 0.0341797 0.253877
2 0.468994 0.428223 0.019043 0.0322266 0.272182
2 0.519287 0.424805 0.0200195 0.0214844 0.352357
2 0.75415 0.377441 0.0834961 0.0478516 0.369072
2 0.544434 0.429199 0.0205078 0.0302734 0.372111
7 0.642334 0.432129 0.103027 0.12207 0.382044
2 0.482666 0.419922 0.0170898 0.0371094 0.443776
2 0.418457 0.441406 0.0595703 0.0507812 0.444984
2 0.554199 0.431152 0.0244141 0.0302734 0.467391
2 0.820557 0.516113 0.126465 0.192383 0.473169
2 0.711914 0.457031 0.163086 0.144531 0.477175
2 0.979492 0.548828 0.0400391 0.224609 0.510051
3 0.123779 0.476562 0.0327148 0.121094 0.512696
2 0.646973 0.442871 0.105469 0.125977 0.528948
2 0.583008 0.437012 0.0273438 0.0537109 0.556161
2 0.35498 0.446289 0.0351562 0.101562 0.642061
2 0.385742 0.44873 0.0380859 0.0751953 0.70467
2 0.31665 0.45459 0.0688477 0.125977 0.716427
2 0.783936 0.476562 0.158691 0.177734 0.731052
2 0.0202637 0.562988 0.0395508 0.219727 0.751414
2 0.431152 0.435059 0.0332031 0.0439453 0.75345
2 0.926758 0.526855 0.146484 0.264648 0.831809
2 0.230713 0.479492 0.145996 0.175781 0.901633
