2 0.592773 0.421875 0.0224609 0.0429688 0.227986
0 0.487061 0.432129 0.0141602 0.0458984 0.232337
0 0.958496 0.39502 0.0244141 0.133789 0.241335
0 0.856445 0.386719 0.0195312 0.0742188 0.265012
7 0.531494 0.414062 0.0219727 0.0566406 0.27009
2 0.636719 0.441406 0.0615234 0.09375 0.326411
0 0.697266 0.411133 0.0253906 0.115234 0.335063
9 0.359375 0.35498 0.00976562 0.0302734 0.351066
2 0.625244 0.439941 0.027832 0.0888672 0.412289
2 0.59668 0.439941 0.0302734 0.0693359 0.431954
2 0.400146 0.435059 0.0317383 0.0634766 0.484214
0 0.712158 0.408203 0.0200195 0.136719 0.506513
0 0.876953 0.38916 0.0283203 0.131836 0.523074
9 0.770508 0.20459 0.0205078 0.124023 0.535976
1 0.984619 0.430176 0.0307617 0.108398 0.565477
0 0.900391 0.395508 0.0244141 0.132812 0.584701
9 0.462891 0.291504 0.0117188 0.0419922 0.612356
2 0.608398 0.438477 0.0322266 0.078125 0.621222
2 0.374512 0.437988 0.0478516 0.0732422 0.700614
2 0.662109 0.442871 0.0761719 0.0986328 0.747353
