2 0.532959 0.439453 0.027832 0.0644531 0.200351
2 0.307861 0.42041 0.0258789 0.0341797 0.253891
2 0.407471 0.425293 0.0258789 0.0322266 0.315867
2 0.315918 0.425293 0.0166016 0.0283203 0.348372
2 0.420898 0.42627 0.0234375 0.0341797 0.379632
2 0.431396 0.427246 0.027832 0.0361328 0.460861
2 0.235352 0.427734 0.0341797 0.0625 0.460923
2 0.362793 0.412598 0.0214844 0.0224609 0.523096
2 0.549316 0.442383 0.0458984 0.0644531 0.660987
2 0.269775 0.437012 0.0356445 0.0693359 0.686887
2 0.640137 0.456543 0.078125 0.104492 0.690523
2 0.498047 0.436523 0.0390625 0.0507812 0.726248
2 0.163574 0.454102 0.0654297 0.119141 0.739257
2 0.594482 0.451172 0.0483398 0.0800781 0.748878
2 0.696045 0.46582 0.0825195 0.148438 0.816726
2 0.76709 0.484863 0.144531 0.176758 0.874867
2 0.917969 0.544922 0.163086 0.324219 0.888224
2 0.0861816 0.461914 0.124512 0.146484 0.899447
