2 0.530762 0.442383 0.0146484 0.0214844 0.200643
2 0.585449 0.45752 0.0400391 0.0693359 0.269242
2 0.60791 0.450195 0.0458984 0.142578 0.271784
2 0.597168 0.45459 0.0292969 0.0966797 0.27736
7 0.645752 0.456543 0.0913086 0.161133 0.333838
2 0.554688 0.453613 0.0195312 0.0400391 0.362584
2 0.459473 0.445801 0.0380859 0.0537109 0.395431
2 0.644287 0.45752 0.0942383 0.161133 0.419047
2 0.485352 0.4375 0.0253906 0.0332031 0.440125
2 0.439941 0.448242 0.0498047 0.0742188 0.455295
2 0.575195 0.460938 0.0263672 0.0546875 0.548218
2 0.335449 0.453125 0.121094 0.171875 0.640938
2 0.406006 0.447754 0.0444336 0.0927734 0.723897
2 0.701904 0.489258 0.0776367 0.183594 0.725111
2 0.29541 0.48877 0.0839844 0.204102 0.798396
2 0.0292969 0.641113 0.0576172 0.358398 0.826017
2 0.776123 0.519043 0.169434 0.21582 0.860089
2 0.142822 0.520996 0.282715 0.327148 0.878887
2 0.898438 0.588867 0.199219 0.373047 0.893305
