2 0.583496 0.424805 0.0566406 0.09375 0.278988
2 0.546387 0.431641 0.0175781 0.0371094 0.339524
2 0.304443 0.443848 0.0864258 0.157227 0.351411
7 0.586426 0.425781 0.0615234 0.0957031 0.351414
2 0.405762 0.445801 0.0263672 0.0673828 0.423361
2 0.429199 0.444824 0.0283203 0.0537109 0.454775
7 0.303955 0.442383 0.090332 0.162109 0.521534
2 0.47876 0.441895 0.0249023 0.0283203 0.682119
2 0.639404 0.45752 0.0688477 0.0986328 0.682941
2 0.841064 0.51709 0.150879 0.211914 0.701475
2 0.384033 0.452637 0.0307617 0.0693359 0.705256
2 0.762451 0.494629 0.074707 0.18457 0.726755
2 0.94165 0.562012 0.116699 0.374023 0.750207
2 0.357422 0.45752 0.03125 0.0830078 0.781211
2 0.206543 0.492188 0.131836 0.167969 0.84862
2 0.702881 0.479492 0.10498 0.150391 0.866198
