0 0.0065918 0.45166 0.0131836 0.106445 0.201096
0 0.286621 0.415039 0.0556641 0.126953 0.271565
24 0.926025 0.378906 0.0366211 0.101562 0.309343
0 0.0786133 0.405762 0.0234375 0.15332 0.331164
0 0.835205 0.407227 0.0629883 0.193359 0.348709
7 0.29248 0.400391 0.0800781 0.105469 0.349878
7 0.372314 0.404785 0.0405273 0.0927734 0.375738
24 0.835205 0.404297 0.0639648 0.185547 0.41132
0 0.702637 0.430664 0.0205078 0.126953 0.450058
0 0.985352 0.423828 0.0292969 0.199219 0.490943
0 0.290283 0.45459 0.0219727 0.120117 0.499397
0 0.609619 0.43457 0.0209961 0.123047 0.515426
0 0.140625 0.48584 0.0351562 0.331055 0.562738
0 0.594727 0.435547 0.0185547 0.115234 0.647645
0 0.269043 0.455566 0.0380859 0.139648 0.676442
2 0.418701 0.438477 0.0395508 0.0507812 0.699338
0 0.548828 0.45166 0.0371094 0.217773 0.767247
0 0.682373 0.425293 0.0249023 0.139648 0.775336
0 0.773438 0.429688 0.0322266 0.189453 0.809268
0 0.11084 0.48877 0.0605469 0.366211 0.818316
0 0.912109 0.450195 0.0673828 0.339844 0.84035
0 0.0354004 0.480469 0.0493164 0.302734 0.843214
0 0.201172 0.477539 0.0419922 0.263672 0.87736
0 0.467041 0.484863 0.0541992 0.303711 0.889355
