2 0.540771 0.430664 0.0200195 0.0351562 0.214399
2 0.533203 0.429688 0.0205078 0.0292969 0.235705
0 0.253662 0.427734 0.0141602 0.0683594 0.265505
2 0.560059 0.439941 0.0253906 0.0712891 0.28074
0 0.270264 0.427246 0.0141602 0.0693359 0.406039
2 0.614746 0.45459 0.0410156 0.114258 0.421588
0 0.282471 0.426758 0.0131836 0.0722656 0.523613
2 0.572754 0.438965 0.0429688 0.0888672 0.58257
2 0.593018 0.445801 0.0551758 0.0966797 0.639375
2 0.419922 0.430176 0.0458984 0.0634766 0.658501
2 0.481689 0.435547 0.0258789 0.0488281 0.658813
2 0.20752 0.438965 0.0605469 0.0810547 0.700497
2 0.949707 0.577637 0.0986328 0.397461 0.70343
2 0.6521 0.47168 0.0766602 0.144531 0.709995
2 0.156494 0.495117 0.112793 0.199219 0.806464
2 0.906494 0.530762 0.183105 0.34668 0.812376
2 0.0664062 0.535645 0.131836 0.291992 0.892402
2 0.725586 0.504395 0.165039 0.198242 0.899235
