2 0.460205 0.453125 0.074707 0.125 0.225404
2 0.658936 0.448242 0.116699 0.199219 0.236953
2 0.382324 0.472656 0.0410156 0.0761719 0.31343
2 0.569336 0.455078 0.0214844 0.0488281 0.326971
2 0.346436 0.478516 0.0366211 0.109375 0.356832
7 0.87915 0.508301 0.240723 0.463867 0.434804
2 0.55542 0.45166 0.0170898 0.0478516 0.474077
2 0.369385 0.47168 0.0297852 0.0917969 0.531636
2 0.879395 0.507812 0.240234 0.472656 0.58559
7 0.260254 0.446289 0.170898 0.240234 0.62336
2 0.406006 0.464355 0.0512695 0.0869141 0.651959
7 0.654541 0.437988 0.119629 0.200195 0.661279
2 0.578857 0.46582 0.0258789 0.0566406 0.685256
2 0.682861 0.480957 0.0834961 0.166992 0.696731
7 0.460693 0.45166 0.0717773 0.12793 0.70299
2 0.735352 0.516113 0.133789 0.21582 0.856676
2 0.0986328 0.52002 0.197266 0.223633 0.897896
