1 0.661377 0.446289 0.145996 0.203125 0.220494
2 0.0180664 0.431152 0.0361328 0.0361328 0.246446
2 0.088623 0.430176 0.0600586 0.0283203 0.248187
2 0.314697 0.433594 0.027832 0.0449219 0.264715
2 0.0332031 0.427734 0.0615234 0.0449219 0.326457
2 0.166748 0.428223 0.0454102 0.0302734 0.364974
1 0.857422 0.540039 0.0859375 0.273438 0.410886
2 0.434082 0.407715 0.0185547 0.0205078 0.465324
2 0.579346 0.446289 0.050293 0.162109 0.465742
2 0.520508 0.412109 0.0800781 0.177734 0.470177
1 0.709717 0.481445 0.0678711 0.185547 0.54583
1 0.760742 0.48291 0.0830078 0.219727 0.567853
2 0.458984 0.431641 0.0351562 0.0605469 0.568673
7 0.520508 0.413574 0.0800781 0.178711 0.572597
2 0.365967 0.42627 0.019043 0.0263672 0.645145
1 0.792236 0.525391 0.097168 0.251953 0.653685
2 0.400879 0.418945 0.0166016 0.03125 0.657033
2 0.625244 0.4375 0.125488 0.208984 0.662373
1 0.924561 0.527344 0.111816 0.253906 0.696921
