2 0.404053 0.451172 0.0239258 0.0566406 0.246931
2 0.418701 0.45166 0.0209961 0.0556641 0.410204
2 0.430664 0.44873 0.0263672 0.0478516 0.455543
2 0.439941 0.445801 0.0224609 0.0419922 0.515085
2 0.314209 0.472656 0.0356445 0.0976562 0.614712
2 0.345459 0.468262 0.034668 0.0810547 0.679134
2 0.39502 0.458008 0.03125 0.0644531 0.751304
2 0.366943 0.464355 0.0297852 0.0732422 0.769004
2 0.265625 0.479004 0.0751953 0.133789 0.795287
2 0.217529 0.500488 0.101074 0.166992 0.820007
2 0.0393066 0.52832 0.0766602 0.285156 0.848302
2 0.128174 0.528809 0.125488 0.217773 0.865782
