2 0.616943 0.500488 0.0336914 0.0810547 0.203385
0 0.556641 0.48584 0.0253906 0.0615234 0.21225
2 0.985352 0.535645 0.0292969 0.0693359 0.251725
2 0.407715 0.494141 0.0273438 0.0625 0.255703
2 0.493164 0.470703 0.0175781 0.0234375 0.260894
1 0.193115 0.526855 0.0493164 0.0693359 0.26312
2 0.567627 0.487305 0.0200195 0.0625 0.277527
2 0.630859 0.501953 0.0273438 0.0898438 0.304862
2 0.454346 0.48291 0.0327148 0.0498047 0.317323
2 0.480225 0.472168 0.0170898 0.0341797 0.332478
0 0.54834 0.482422 0.0117188 0.0585938 0.34494
2 0.57959 0.485352 0.0253906 0.0644531 0.356046
2 0.412842 0.491211 0.0581055 0.0605469 0.356696
2 0.466309 0.479004 0.0244141 0.0419922 0.366028
2 0.877441 0.52002 0.0537109 0.0751953 0.386589
2 0.642822 0.500488 0.0424805 0.108398 0.436448
2 0.977539 0.519531 0.0449219 0.0917969 0.484922
2 0.444336 0.485352 0.0214844 0.0546875 0.501891
0 0.330322 0.488281 0.0141602 0.0800781 0.593842
2 0.429932 0.48877 0.0268555 0.0595703 0.594646
2 0.676514 0.51123 0.0610352 0.131836 0.732197
2 0.605225 0.491211 0.0385742 0.0703125 0.735886
0 0.93457 0.491211 0.0410156 0.242188 0.751266
2 0.388428 0.498047 0.0581055 0.0742188 0.76481
2 0.738525 0.532715 0.127441 0.165039 0.89643
