2 0.613037 0.438965 0.0610352 0.0595703 0.339117
2 0.617432 0.44043 0.0268555 0.0585938 0.374607
2 0.280273 0.432129 0.0322266 0.0400391 0.384645
2 0.419922 0.433594 0.0185547 0.03125 0.395523
2 0.29126 0.431641 0.0229492 0.0371094 0.401502
2 0.216064 0.4375 0.0356445 0.0527344 0.420615
2 0.243408 0.435547 0.0307617 0.0488281 0.516968
2 0.454102 0.432129 0.0234375 0.0478516 0.557625
2 0.268066 0.433105 0.03125 0.0439453 0.564345
2 0.665527 0.445801 0.0458984 0.0830078 0.613715
2 0.317139 0.427246 0.0395508 0.0478516 0.650372
2 0.82251 0.467285 0.127441 0.139648 0.67085
2 0.591797 0.436035 0.0302734 0.0576172 0.694583
2 0.629639 0.442383 0.0327148 0.0644531 0.712516
2 0.989014 0.526367 0.0219727 0.158203 0.714556
2 0.134277 0.441406 0.154297 0.0917969 0.750914
2 0.705322 0.451172 0.050293 0.09375 0.783507
2 0.48999 0.449707 0.0629883 0.110352 0.797797
2 0.74707 0.459473 0.0605469 0.108398 0.819588
2 0.552734 0.442383 0.0458984 0.0664062 0.827737
2 0.019043 0.45166 0.0380859 0.0556641 0.8327
2 0.931396 0.482422 0.137207 0.179688 0.892845
