2 0.0585938 0.442871 0.0585938 0.0517578 0.235117
9 0.208252 0.346191 0.012207 0.0361328 0.307431
0 0.42749 0.441406 0.0200195 0.126953 0.364631
0 0.131592 0.432129 0.0180664 0.0869141 0.381741
0 0.311768 0.437988 0.0151367 0.0751953 0.390818
0 0.265869 0.44043 0.0131836 0.0761719 0.40678
0 0.343262 0.439941 0.0166016 0.0927734 0.408731
0 0.282471 0.44043 0.0161133 0.0839844 0.41653
0 0.446777 0.444336 0.0205078 0.126953 0.45521
0 0.359131 0.438965 0.0151367 0.0908203 0.466314
0 0.55249 0.439941 0.0375977 0.135742 0.504836
0 0.466797 0.441895 0.0224609 0.135742 0.566091
0 0.163574 0.4375 0.0146484 0.0742188 0.595563
0 0.507324 0.441406 0.0214844 0.132812 0.689973
0 0.68457 0.472168 0.0400391 0.202148 0.751023
0 0.720703 0.462891 0.0390625 0.242188 0.874162
