2 0.491699 0.435059 0.0244141 0.0400391 0.203924
2 0.481689 0.442871 0.019043 0.0341797 0.206474
2 0.501953 0.427734 0.0166016 0.0332031 0.209792
2 0.431885 0.468262 0.027832 0.0634766 0.286933
2 0.543945 0.419922 0.0185547 0.0214844 0.299615
9 0.017334 0.467773 0.0239258 0.09375 0.353206
2 0.470947 0.443359 0.0219727 0.0351562 0.405121
2 0.521729 0.417969 0.0161133 0.0332031 0.604897
2 0.598389 0.467285 0.0395508 0.0693359 0.675282
2 0.668945 0.469238 0.109375 0.186523 0.744782
2 0.44165 0.453613 0.034668 0.0712891 0.753255
2 0.688477 0.513184 0.0791016 0.166992 0.781237
2 0.403564 0.477051 0.050293 0.0693359 0.783107
2 0.353516 0.482422 0.0478516 0.0917969 0.823757
2 0.169678 0.519531 0.155762 0.173828 0.861915
2 0.307373 0.487793 0.081543 0.106445 0.874593
2 0.791504 0.54248 0.195312 0.225586 0.927689
