2 0.582764 0.423828 0.0200195 0.0214844 0.262445
9 0.240723 0.327637 0.0205078 0.0810547 0.308047
9 0.384521 0.152832 0.0170898 0.0673828 0.310386
2 0.59375 0.424316 0.0214844 0.0205078 0.331605
2 0.54541 0.425293 0.0224609 0.0322266 0.339794
2 0.531494 0.42627 0.019043 0.0322266 0.368957
2 0.131104 0.467285 0.0581055 0.0576172 0.386765
2 0.621338 0.421875 0.0239258 0.0214844 0.412197
2 0.553223 0.424316 0.0195312 0.0302734 0.419576
2 0.431396 0.444336 0.050293 0.0722656 0.689856
0 0.297852 0.437988 0.0175781 0.0810547 0.731125
2 0.48291 0.441895 0.0576172 0.0732422 0.81396
2 0.670654 0.443848 0.0668945 0.0888672 0.824644
