0 0.294434 0.497559 0.0126953 0.0634766 0.210918
2 0.569336 0.494629 0.0224609 0.0380859 0.216643
2 0.361328 0.500488 0.0615234 0.0556641 0.219306
2 0.510498 0.47168 0.0249023 0.0195312 0.24322
2 0.595459 0.49707 0.0288086 0.0585938 0.250782
2 0.418457 0.497559 0.0234375 0.0341797 0.272923
2 0.47998 0.476562 0.0166016 0.0214844 0.302158
2 0.57959 0.500977 0.0146484 0.0507812 0.339218
0 0.316895 0.510742 0.0175781 0.0761719 0.346616
2 0.339844 0.496582 0.0322266 0.0634766 0.363386
2 0.520508 0.472656 0.0205078 0.0195312 0.463833
0 0.983154 0.48291 0.0327148 0.223633 0.582693
2 0.382324 0.502441 0.0380859 0.0537109 0.661566
2 0.619385 0.497559 0.0395508 0.0576172 0.732798
2 0.0332031 0.644531 0.0654297 0.378906 0.776746
2 0.451416 0.500488 0.0454102 0.0732422 0.780569
2 0.0649414 0.534668 0.125 0.188477 0.864623
2 0.776123 0.520996 0.158691 0.196289 0.864811
2 0.168701 0.520508 0.0932617 0.0996094 0.883419
