9 0.687988 0.336914 0.00976562 0.0371094 0.204121
9 0.596924 0.341797 0.00732422 0.0175781 0.211759
2 0.472412 0.416016 0.043457 0.0703125 0.217029
0 0.383301 0.432617 0.0117188 0.0683594 0.227919
0 0.596436 0.436523 0.0200195 0.0917969 0.237096
0 0.21582 0.418457 0.0175781 0.0810547 0.23891
1 0.345215 0.447754 0.0195312 0.0537109 0.239082
2 0.508789 0.418457 0.0332031 0.0400391 0.255156
0 0.234619 0.412598 0.019043 0.0615234 0.255431
2 0.516846 0.415039 0.0161133 0.0429688 0.255621
0 0.755127 0.445801 0.0131836 0.0537109 0.288169
3 0.982666 0.478027 0.0336914 0.0966797 0.296404
2 0.49707 0.422363 0.0234375 0.0439453 0.300793
2 0.602051 0.428223 0.0234375 0.0712891 0.326881
0 0.315674 0.430664 0.0151367 0.0839844 0.334754
2 0.982422 0.467285 0.0351562 0.114258 0.381551
7 0.469238 0.416016 0.0361328 0.0703125 0.407521
0 0.329102 0.431152 0.0146484 0.0791016 0.423
0 0.218262 0.443848 0.0244141 0.12207 0.490539
2 0.96582 0.440918 0.0566406 0.106445 0.557605
0 0.849365 0.427734 0.0317383 0.167969 0.581757
0 0.546631 0.438477 0.0229492 0.0996094 0.68445
2 0.638916 0.433105 0.0600586 0.118164 0.790676
0 0.912842 0.439453 0.0336914 0.199219 0.791894
0 0.883789 0.437012 0.03125 0.202148 0.792802
