2 0.48291 0.419434 0.0224609 0.0361328 0.211014
2 0.64624 0.440918 0.050293 0.116211 0.219635
2 0.555664 0.410156 0.0244141 0.0292969 0.253616
2 0.568359 0.408203 0.0234375 0.0292969 0.283999
2 0.542725 0.412109 0.0258789 0.0292969 0.300482
2 0.00878906 0.490723 0.0175781 0.264648 0.304438
2 0.532471 0.415039 0.0239258 0.03125 0.312092
2 0.518799 0.416016 0.0249023 0.0332031 0.323204
0 0.273193 0.44873 0.0288086 0.174805 0.357452
2 0.496826 0.416992 0.0249023 0.0371094 0.430881
2 0.341797 0.450195 0.0429688 0.0976562 0.461355
2 0.226807 0.460449 0.146973 0.182617 0.462891
2 0.597656 0.41748 0.0292969 0.0498047 0.640205
2 0.455078 0.426758 0.0380859 0.046875 0.667598
2 0.630371 0.440918 0.0478516 0.0927734 0.686773
2 0.720703 0.463379 0.0751953 0.170898 0.704854
2 0.690186 0.451172 0.0864258 0.160156 0.710106
2 0.366455 0.446777 0.090332 0.0947266 0.767408
2 0.797852 0.498047 0.173828 0.263672 0.771535
2 0.178223 0.487305 0.115234 0.173828 0.80123
2 0.0751953 0.499512 0.143555 0.268555 0.863377
2 0.906738 0.557617 0.186523 0.425781 0.880985
