2 0.494385 0.442871 0.0151367 0.0458984 0.23897
9 0.639648 0.333496 0.0126953 0.0576172 0.248163
2 0.566895 0.428223 0.0527344 0.0556641 0.318239
2 0.557129 0.416504 0.0419922 0.0439453 0.321583
0 0.376709 0.438965 0.0229492 0.0615234 0.332233
1 0.669434 0.474609 0.0253906 0.0761719 0.335203
2 0.582031 0.432617 0.03125 0.0546875 0.383485
2 0.491699 0.430664 0.0214844 0.0390625 0.390647
0 0.616455 0.42627 0.0161133 0.0732422 0.398768
9 0.778076 0.258301 0.0268555 0.0693359 0.406931
2 0.418701 0.430664 0.0356445 0.046875 0.418672
2 0.205078 0.489746 0.140625 0.15332 0.468206
9 0.307129 0.322754 0.0117188 0.0419922 0.515318
0 0.671387 0.450684 0.0263672 0.125977 0.526879
1 0.821533 0.465332 0.0571289 0.118164 0.591241
2 0.936035 0.583008 0.126953 0.388672 0.727936
2 0.531494 0.477051 0.0844727 0.135742 0.800318
2 0.454102 0.435059 0.0371094 0.0576172 0.806249
2 0.753906 0.475098 0.0976562 0.155273 0.814172
2 0.12207 0.506348 0.239258 0.208008 0.845998
2 0.059082 0.585449 0.117188 0.19043 0.875156
