0 0.732178 0.433594 0.012207 0.0820312 0.224963
2 0.503662 0.444824 0.0229492 0.0458984 0.230432
7 0.0925293 0.468262 0.182129 0.606445 0.234898
2 0.533936 0.435547 0.0229492 0.0332031 0.255996
2 0.0908203 0.484375 0.178711 0.576172 0.294735
0 0.959961 0.41748 0.0234375 0.0810547 0.327316
2 0.545166 0.436523 0.0297852 0.0390625 0.339647
2 0.605713 0.445312 0.0297852 0.0605469 0.41305
0 0.200928 0.350586 0.019043 0.0585938 0.429028
2 0.618408 0.456543 0.043457 0.0732422 0.48795
2 0.825684 0.493652 0.0849609 0.194336 0.492625
2 0.567627 0.443359 0.0258789 0.0507812 0.502126
2 0.556641 0.438477 0.0253906 0.046875 0.546397
2 0.432861 0.443848 0.0922852 0.118164 0.547125
0 0.765625 0.45459 0.0195312 0.112305 0.61489
2 0.58252 0.444824 0.0273438 0.0537109 0.61988
2 0.796875 0.486816 0.0703125 0.176758 0.647671
2 0.88623 0.502441 0.144531 0.217773 0.650397
0 0.699463 0.441895 0.0161133 0.0927734 0.657981
2 0.48999 0.443848 0.0493164 0.0498047 0.699761
2 0.371338 0.457031 0.179199 0.167969 0.762769
2 0.637695 0.460449 0.0625 0.0791016 0.809345
2 0.952637 0.541504 0.0947266 0.258789 0.865257
2 0.216797 0.517578 0.160156 0.283203 0.880586
