2 0.541748 0.407227 0.0258789 0.0449219 0.230939
7 0.0439453 0.337402 0.0859375 0.360352 0.269789
6 0.043457 0.336914 0.0869141 0.359375 0.29656
0 0.282959 0.42627 0.0200195 0.0966797 0.369205
0 0.632812 0.441895 0.0566406 0.229492 0.529677
2 0.570557 0.406738 0.0258789 0.0791016 0.538022
1 0.632568 0.512695 0.0561523 0.173828 0.648318
2 0.52002 0.430176 0.0371094 0.0576172 0.721975
2 0.452148 0.430664 0.0419922 0.0605469 0.856851
7 0.726562 0.318848 0.22168 0.463867 0.867965
2 0.340332 0.480469 0.123047 0.173828 0.889283
