2 0.302734 0.437012 0.0175781 0.0302734 0.235246
2 0.157471 0.454102 0.0258789 0.0488281 0.257593
9 0.531738 0.393555 0.00976562 0.03125 0.269106
0 0.856934 0.438965 0.0390625 0.19043 0.306041
2 0.460938 0.431641 0.0146484 0.0234375 0.333866
2 0.142334 0.456543 0.0424805 0.0458984 0.371856
2 0.0556641 0.445801 0.0322266 0.0224609 0.379302
2 0.119385 0.461426 0.0385742 0.0458984 0.481182
0 0.347168 0.432129 0.015625 0.0830078 0.541104
0 0.844727 0.439941 0.0234375 0.172852 0.594392
0 0.961914 0.431641 0.0400391 0.201172 0.660364
0 0.871094 0.4375 0.0371094 0.189453 0.700865
0 0.915527 0.433105 0.0361328 0.206055 0.80383
2 0.488281 0.446777 0.0419922 0.0634766 0.80941
