0 0.771729 0.443848 0.0209961 0.143555 0.200229
0 0.554688 0.444336 0.015625 0.0683594 0.209012
2 0.24707 0.454102 0.03125 0.046875 0.224545
28 0.793457 0.515625 0.03125 0.0683594 0.225843
9 0.11084 0.0454102 0.0302734 0.0869141 0.227639
0 0.621094 0.444824 0.0205078 0.0849609 0.232011
0 0.641357 0.441895 0.0161133 0.0986328 0.282662
1 0.698242 0.576172 0.078125 0.353516 0.29577
2 0.385254 0.45166 0.0341797 0.0478516 0.337463
0 0.529053 0.445312 0.0209961 0.0917969 0.393658
2 0.477295 0.431641 0.0249023 0.0566406 0.435106
1 0.694824 0.643555 0.0488281 0.230469 0.53389
0 0.750977 0.449707 0.0263672 0.141602 0.536809
26 0.960938 0.40332 0.078125 0.234375 0.553649
0 0.785889 0.436523 0.027832 0.146484 0.623454
1 0.972656 0.717773 0.0546875 0.390625 0.748917
0 0.827637 0.472168 0.0380859 0.196289 0.769821
0 0.935791 0.510742 0.128418 0.683594 0.810742
0 0.685791 0.465332 0.0864258 0.483398 0.815067
2 0.208984 0.480957 0.0810547 0.0986328 0.839059
2 0.102051 0.498047 0.137695 0.146484 0.844915
