9 0.741699 0.339844 0.0126953 0.0410156 0.222871
1 0.0476074 0.506836 0.0942383 0.138672 0.225667
5 0.560791 0.42041 0.0356445 0.0771484 0.226821
0 0.130615 0.459473 0.027832 0.0927734 0.229331
9 0.647217 0.336914 0.00732422 0.015625 0.243312
0 0.0825195 0.44043 0.015625 0.0605469 0.267087
5 0.616943 0.381836 0.0463867 0.078125 0.288328
2 0.554932 0.428223 0.0424805 0.0751953 0.301718
0 0.625 0.443848 0.0166016 0.0830078 0.333252
0 0.990723 0.482422 0.0175781 0.103516 0.333423
2 0.675049 0.444336 0.0375977 0.0722656 0.357107
2 0.538086 0.441406 0.0283203 0.0566406 0.382904
0 0.120605 0.45752 0.0205078 0.0966797 0.435682
1 0.0844727 0.513184 0.0576172 0.125977 0.489665
0 0.584961 0.453613 0.0166016 0.0947266 0.492724
0 0.831299 0.421387 0.0161133 0.0712891 0.556812
0 0.641846 0.445312 0.0180664 0.119141 0.722754
0 0.604248 0.453125 0.019043 0.0976562 0.737649
0 0.95874 0.443359 0.0268555 0.179688 0.798112
0 0.809814 0.438965 0.0249023 0.104492 0.803849
5 0.278076 0.421875 0.289551 0.220703 0.826678
5 0.4646 0.393066 0.119629 0.196289 0.838782
2 0.711426 0.463867 0.0732422 0.105469 0.863593
