9 0.713623 0.266113 0.0200195 0.0439453 0.222778
2 0.603516 0.500488 0.0273438 0.0947266 0.244968
2 0.431396 0.448242 0.0229492 0.0371094 0.280009
0 0.796631 0.429688 0.0249023 0.0976562 0.284048
2 0.575439 0.463379 0.0385742 0.208008 0.284377
2 0.544434 0.458008 0.0224609 0.0761719 0.320918
0 0.937012 0.45166 0.0322266 0.19043 0.330961
1 0.575439 0.526367 0.0297852 0.107422 0.418907
2 0.529053 0.448242 0.0209961 0.0605469 0.430977
2 0.617188 0.486328 0.0546875 0.125 0.556549
0 0.574951 0.464355 0.0356445 0.209961 0.573507
2 0.487061 0.451172 0.0561523 0.103516 0.627718
1 0.793213 0.496582 0.0561523 0.125977 0.67501
0 0.909424 0.461914 0.050293 0.240234 0.838877
2 0.69458 0.498047 0.148926 0.201172 0.859621
