0 0.352783 0.431152 0.0170898 0.0517578 0.221125
2 0.262207 0.439941 0.0292969 0.0302734 0.238516
7 0.518066 0.414551 0.0341797 0.0654297 0.2649
0 0.346924 0.430664 0.0131836 0.0488281 0.265365
9 0.141602 0.389648 0.00683594 0.0175781 0.315803
7 0.952393 0.391113 0.0942383 0.446289 0.408239
2 0.692139 0.453125 0.0317383 0.0664062 0.504892
2 0.644775 0.436035 0.0639648 0.114258 0.513975
5 0.953857 0.392578 0.0874023 0.453125 0.51597
9 0.620361 0.260254 0.00830078 0.0380859 0.517879
2 0.708008 0.455566 0.0341797 0.0693359 0.528499
2 0.455322 0.432129 0.027832 0.0419922 0.548347
7 0.644287 0.437988 0.0620117 0.112305 0.549403
2 0.480225 0.436035 0.0288086 0.0341797 0.562371
0 0.742432 0.455078 0.0512695 0.263672 0.653636
1 0.74585 0.523438 0.0395508 0.15625 0.678977
2 0.415771 0.431152 0.0356445 0.0439453 0.736581
2 0.230225 0.456055 0.0629883 0.0605469 0.748385
2 0.790039 0.456543 0.0605469 0.12207 0.750876
2 0.552002 0.461426 0.0581055 0.106445 0.772697
2 0.828857 0.469238 0.0717773 0.125977 0.778548
2 0.878906 0.480957 0.0947266 0.166992 0.794711
2 0.595947 0.441895 0.0336914 0.0556641 0.79862
2 0.120361 0.462891 0.0981445 0.0878906 0.830248
