2 0.51123 0.421387 0.0205078 0.0458984 0.223015
0 0.794678 0.436523 0.0327148 0.189453 0.256086
2 0.479736 0.427246 0.0473633 0.116211 0.261602
2 0.518066 0.429199 0.0195312 0.0341797 0.286607
2 0.540283 0.4375 0.027832 0.0449219 0.420303
2 0.366455 0.446289 0.0258789 0.0390625 0.44264
2 0.531738 0.433594 0.0185547 0.0371094 0.452058
7 0.479736 0.426758 0.0473633 0.117188 0.457714
2 0.441162 0.429199 0.0219727 0.0380859 0.499979
2 0.554932 0.443848 0.0366211 0.0537109 0.518673
0 0.696533 0.430664 0.0161133 0.0859375 0.680364
2 0.568604 0.445312 0.0327148 0.0566406 0.719686
2 0.398926 0.448242 0.0390625 0.0605469 0.736592
2 0.3396 0.444336 0.0336914 0.0488281 0.762931
0 0.970703 0.42627 0.0361328 0.196289 0.836289
0 0.809082 0.438477 0.0322266 0.185547 0.848331
2 0.610352 0.461426 0.0595703 0.0966797 0.859016
2 0.0466309 0.559082 0.0922852 0.358398 0.871257
0 0.780273 0.435059 0.0292969 0.178711 0.879698
