2 0.72998 0.529785 0.123047 0.256836 0.247561
2 0.492676 0.546875 0.015625 0.0292969 0.265185
9 0.506836 0.479004 0.00585938 0.0166016 0.341334
2 0.51001 0.544434 0.0288086 0.0361328 0.364523
0 0.743408 0.505371 0.0932617 0.387695 0.456868
2 0.477783 0.54541 0.0327148 0.0341797 0.496729
1 0.745361 0.637207 0.0766602 0.258789 0.655742
2 0.65918 0.523926 0.0664062 0.145508 0.66361
0 0.829346 0.511719 0.0356445 0.164062 0.681472
2 0.287354 0.531738 0.0698242 0.0869141 0.775504
2 0.346191 0.533203 0.0439453 0.0683594 0.787779
