2 0.416748 0.452637 0.0786133 0.0771484 0.258755
2 0.112061 0.473145 0.027832 0.0810547 0.439606
2 0.444092 0.452637 0.0493164 0.0615234 0.446824
2 0.266357 0.452637 0.0356445 0.0634766 0.465881
2 0.287109 0.443359 0.046875 0.0644531 0.670626
2 0.498047 0.445312 0.0371094 0.0605469 0.679305
2 0.205078 0.455566 0.0478516 0.0927734 0.68443
2 0.243408 0.455078 0.0415039 0.0703125 0.708418
0 0.872559 0.438965 0.0166016 0.0908203 0.73532
2 0.381104 0.459473 0.119629 0.0830078 0.784359
2 0.0532227 0.477539 0.106445 0.162109 0.786804
2 0.161377 0.46875 0.097168 0.103516 0.8004
2 0.593018 0.449219 0.0375977 0.0546875 0.837471
