0 0.685303 0.439453 0.0200195 0.134766 0.211714
0 0.977783 0.462891 0.043457 0.242188 0.306273
0 0.47998 0.457031 0.0917969 0.158203 0.326853
2 0.340088 0.436523 0.0180664 0.0371094 0.359577
2 0.308838 0.441895 0.0239258 0.0517578 0.376249
0 0.986572 0.432129 0.0268555 0.182617 0.468227
2 0.213867 0.458496 0.0498047 0.110352 0.569229
1 0.974365 0.527832 0.0512695 0.147461 0.615851
2 0.192627 0.455078 0.0844727 0.140625 0.62918
2 0.298584 0.445801 0.0385742 0.0576172 0.652328
5 0.363037 0.416016 0.0385742 0.0898438 0.754327
5 0.409424 0.413574 0.0424805 0.102539 0.76989
0 0.848633 0.46582 0.0263672 0.214844 0.785462
2 0.480713 0.458984 0.0864258 0.160156 0.802392
2 0.153076 0.478027 0.0581055 0.141602 0.811619
2 0.262207 0.45459 0.0488281 0.0810547 0.822068
0 0.732178 0.45459 0.0541992 0.211914 0.872733
2 0.0686035 0.486328 0.13623 0.189453 0.904267
