2 0.635742 0.4375 0.0400391 0.0566406 0.242753
0 0.0178223 0.474609 0.034668 0.15625 0.243839
2 0.530029 0.455566 0.0444336 0.0576172 0.246945
2 0.556152 0.449707 0.0283203 0.0576172 0.260178
1 0.0163574 0.482422 0.0317383 0.142578 0.371668
2 0.719482 0.441406 0.0415039 0.0625 0.406256
2 0.571777 0.453613 0.0283203 0.0498047 0.459439
2 0.596436 0.45459 0.0268555 0.0380859 0.461195
2 0.546387 0.458008 0.0292969 0.0507812 0.464122
0 0.0581055 0.441895 0.0429688 0.227539 0.486643
2 0.518066 0.444824 0.0400391 0.0771484 0.494446
0 0.072998 0.439453 0.0288086 0.212891 0.531517
0 0.677734 0.445312 0.046875 0.189453 0.539741
2 0.481934 0.452148 0.0273438 0.0957031 0.631602
0 0.145752 0.434082 0.0395508 0.211914 0.76594
2 0.430908 0.445312 0.100098 0.140625 0.776133
1 0.66626 0.503906 0.116699 0.128906 0.780371
2 0.751953 0.476562 0.0869141 0.117188 0.789689
0 0.108643 0.422363 0.0385742 0.206055 0.816982
0 0.185303 0.441406 0.0336914 0.210938 0.891347
