2 0.43335 0.417969 0.0102539 0.0175781 0.223842
0 0.769043 0.425781 0.015625 0.0605469 0.227886
2 0.179688 0.346191 0.0634766 0.0537109 0.240345
2 0.406738 0.431152 0.0107422 0.0322266 0.249664
0 0.671631 0.437988 0.0249023 0.120117 0.259963
1 0.655518 0.46875 0.0249023 0.0625 0.281027
0 0.516602 0.439453 0.0195312 0.0664062 0.323724
2 0.580566 0.428223 0.0478516 0.0908203 0.335003
7 0.580566 0.428223 0.0488281 0.0888672 0.390018
0 0.746582 0.417969 0.0214844 0.0976562 0.423116
0 0.684082 0.440918 0.0214844 0.110352 0.438785
0 0.484131 0.426758 0.0151367 0.0878906 0.43933
0 0.704834 0.436523 0.0200195 0.115234 0.544309
0 0.884033 0.441406 0.027832 0.181641 0.711857
2 0.386719 0.431641 0.0419922 0.0820312 0.760781
0 0.946045 0.452148 0.0405273 0.220703 0.761979
2 0.245605 0.452637 0.0605469 0.118164 0.827302
2 0.176514 0.458496 0.0942383 0.174805 0.844029
2 0.306641 0.475098 0.111328 0.157227 0.866391
2 0.0756836 0.477051 0.151367 0.237305 0.882208
