7 0.473633 0.409668 0.0751953 0.168945 0.251987
2 0.473877 0.409668 0.0786133 0.172852 0.406783
5 0.473633 0.408691 0.0742188 0.161133 0.422315
7 0.172607 0.470703 0.344238 0.939453 0.609631
2 0.291016 0.472168 0.131836 0.389648 0.646341
2 0.583008 0.446777 0.0292969 0.0576172 0.670502
2 0.379639 0.475098 0.0864258 0.178711 0.763579
2 0.523682 0.461914 0.0864258 0.134766 0.779923
5 0.63501 0.362793 0.0825195 0.338867 0.780832
5 0.816895 0.344727 0.339844 0.677734 0.792263
2 0.431641 0.463867 0.0693359 0.134766 0.81398
