0 0.00878906 0.397949 0.0175781 0.0537109 0.212805
2 0.432129 0.439453 0.0244141 0.0253906 0.224264
2 0.51001 0.430664 0.0180664 0.0292969 0.324219
7 0.25293 0.429688 0.0878906 0.115234 0.344849
2 0.39209 0.4375 0.03125 0.0585938 0.345607
2 0.408447 0.444824 0.0307617 0.0322266 0.35281
2 0.525391 0.430664 0.0175781 0.0273438 0.398045
2 0.216309 0.44873 0.0205078 0.0751953 0.46237
2 0.471924 0.437012 0.0209961 0.0263672 0.508392
2 0.450928 0.439941 0.0200195 0.0283203 0.540789
2 0.567627 0.436035 0.0366211 0.0439453 0.643434
2 0.357422 0.455566 0.0722656 0.108398 0.798764
5 0.702393 0.39209 0.0639648 0.135742 0.808485
2 0.288818 0.461914 0.059082 0.0859375 0.81807
5 0.790527 0.375488 0.132812 0.204102 0.892943
5 0.104492 0.410645 0.208984 0.276367 0.896166
5 0.924561 0.355469 0.148926 0.333984 0.902374
