5 0.786133 0.405762 0.0439453 0.100586 0.22461
0 0.965576 0.419434 0.0141602 0.0693359 0.225025
9 0.0444336 0.253906 0.0126953 0.0449219 0.231654
9 0.810303 0.293945 0.00732422 0.0253906 0.301768
9 0.85791 0.235352 0.0263672 0.0625 0.337771
9 0.662842 0.311035 0.00927734 0.0302734 0.349474
9 0.0456543 0.0439453 0.0268555 0.0878906 0.354043
7 0.786621 0.412598 0.046875 0.0927734 0.373303
2 0.755859 0.431641 0.0224609 0.046875 0.382688
0 0.361328 0.447266 0.0185547 0.0820312 0.415554
2 0.0456543 0.544434 0.090332 0.217773 0.428794
2 0.739258 0.439453 0.0234375 0.0546875 0.468385
0 0.806396 0.449219 0.019043 0.121094 0.470536
0 0.993164 0.419434 0.0136719 0.0947266 0.490031
0 0.865967 0.435059 0.019043 0.102539 0.562738
0 0.918213 0.423828 0.0180664 0.121094 0.605998
0 0.403564 0.441895 0.0161133 0.0791016 0.615638
0 0.844482 0.444824 0.0239258 0.12207 0.724785
2 0.102783 0.520996 0.128418 0.24707 0.736594
2 0.704834 0.430664 0.0571289 0.107422 0.74869
2 0.656982 0.452637 0.0415039 0.100586 0.77498
2 0.601318 0.472168 0.10498 0.182617 0.873802
2 0.215332 0.476562 0.154297 0.136719 0.887921
