1 0.30542 0.447266 0.019043 0.0839844 0.206121
9 0.384521 0.316895 0.00830078 0.0341797 0.207483
9 0.150879 0.285156 0.0185547 0.0703125 0.24945
2 0.529297 0.44043 0.0195312 0.0488281 0.32636
2 0.55542 0.431641 0.0356445 0.0800781 0.43268
7 0.555176 0.431641 0.0361328 0.0800781 0.438404
9 0.679932 0.241211 0.019043 0.0625 0.460033
0 0.0598145 0.415527 0.0258789 0.112305 0.590673
0 0.128418 0.436523 0.0234375 0.0996094 0.629425
0 0.305176 0.437988 0.0195312 0.104492 0.663998
2 0.20166 0.447266 0.0605469 0.103516 0.679688
7 0.618652 0.425293 0.0703125 0.124023 0.709587
2 0.232666 0.439453 0.0629883 0.111328 0.711702
2 0.985107 0.602539 0.0297852 0.216797 0.769415
2 0.391113 0.443848 0.046875 0.0849609 0.809268
2 0.863037 0.500488 0.185059 0.211914 0.898611
2 0.0310059 0.461914 0.0610352 0.179688 0.917894
