2 0.444336 0.443359 0.0380859 0.0273438 0.212582
9 0.138184 0.158691 0.0273438 0.0615234 0.247731
2 0.310059 0.459473 0.0283203 0.0751953 0.263605
2 0.69458 0.439453 0.0209961 0.0371094 0.277569
2 0.730225 0.440918 0.0307617 0.0498047 0.376701
9 0.181641 0.183105 0.0273438 0.143555 0.377238
9 0.144775 0.168945 0.0366211 0.101562 0.398223
2 0.42041 0.440918 0.0302734 0.0341797 0.458063
2 0.482422 0.445312 0.0302734 0.0351562 0.461607
2 0.744141 0.44043 0.03125 0.0546875 0.544612
2 0.525391 0.436523 0.03125 0.0234375 0.572954
2 0.657227 0.435547 0.0244141 0.0410156 0.618021
0 0.252686 0.481445 0.0317383 0.244141 0.637081
2 0.768799 0.441895 0.034668 0.0673828 0.660534
2 0.617188 0.4375 0.0253906 0.0410156 0.669418
2 0.716797 0.44043 0.0263672 0.046875 0.691417
9 0.598389 0.116699 0.0366211 0.147461 0.719541
0 0.237061 0.481934 0.0405273 0.28418 0.742709
2 0.348877 0.458984 0.0727539 0.105469 0.752187
0 0.55957 0.475586 0.0498047 0.271484 0.811522
2 0.97168 0.478027 0.0556641 0.182617 0.845636
0 0.281738 0.473633 0.0439453 0.251953 0.864153
2 0.861816 0.508789 0.21582 0.263672 0.869747
