2 0.446533 0.446777 0.0395508 0.0615234 0.207023
1 0.341553 0.508301 0.050293 0.139648 0.22027
0 0.836914 0.45752 0.0146484 0.0771484 0.257357
1 0.286621 0.526855 0.03125 0.112305 0.27356
2 0.453125 0.446289 0.015625 0.0605469 0.310503
0 0.228027 0.399902 0.0253906 0.0771484 0.588617
2 0.57666 0.440918 0.0380859 0.0576172 0.623649
0 0.345703 0.462402 0.0498047 0.22168 0.69147
2 0.483887 0.439941 0.0224609 0.0361328 0.712315
2 0.435303 0.444824 0.027832 0.0791016 0.715992
2 0.395752 0.450684 0.0581055 0.106445 0.740369
0 0.303955 0.479004 0.0336914 0.180664 0.740803
2 0.651123 0.474121 0.0668945 0.170898 0.752293
0 0.263916 0.475098 0.0395508 0.225586 0.763215
2 0.741455 0.513184 0.194824 0.262695 0.875737
2 0.175049 0.538574 0.166504 0.262695 0.895345
2 0.0593262 0.574707 0.118652 0.364258 0.89559
