0 0.0627441 0.411133 0.0200195 0.0371094 0.263815
2 0.4021 0.446289 0.0239258 0.0351562 0.43198
32 0.0129395 0.0703125 0.0239258 0.0410156 0.496144
2 0.617432 0.465332 0.0385742 0.0888672 0.590984
2 0.253662 0.46582 0.0493164 0.0800781 0.614658
2 0.282715 0.460938 0.0429688 0.0722656 0.718121
2 0.66333 0.464844 0.0874023 0.144531 0.827421
2 0.337646 0.459473 0.0668945 0.125977 0.831888
2 0.952637 0.561035 0.0917969 0.27832 0.855818
2 0.187988 0.472656 0.100586 0.0996094 0.864823
2 0.849609 0.518066 0.192383 0.219727 0.881793
2 0.052002 0.512207 0.104004 0.176758 0.885544
2 0.734619 0.490234 0.118652 0.164062 0.88908
