11 0.763672 0.294434 0.0175781 0.0419922 0.213878
2 0.36792 0.433105 0.0170898 0.0244141 0.220761
2 0.245361 0.438477 0.0727539 0.0605469 0.232871
7 0.192139 0.403809 0.0913086 0.102539 0.241749
7 0.209717 0.44043 0.0610352 0.0800781 0.304972
2 0.387939 0.430664 0.0151367 0.0214844 0.323375
5 0.510254 0.398438 0.0683594 0.0898438 0.337908
7 0.570068 0.398438 0.0522461 0.123047 0.383199
2 0.349854 0.436035 0.0258789 0.0322266 0.393755
5 0.190918 0.397949 0.0908203 0.0869141 0.414524
9 0.925293 0.321289 0.0175781 0.0566406 0.480621
2 0.0151367 0.457031 0.0292969 0.0742188 0.520023
2 0.209473 0.440918 0.0576172 0.0810547 0.555552
9 0.373047 0.356934 0.0078125 0.0205078 0.581295
5 0.569824 0.396484 0.0527344 0.126953 0.689304
2 0.263428 0.44043 0.0395508 0.0527344 0.717861
2 0.156494 0.455078 0.0649414 0.0644531 0.833713
2 0.0908203 0.455566 0.0683594 0.0712891 0.858645
