56 0.902832 0.479492 0.0283203 0.0839844 0.242964
2 0.493652 0.431641 0.0332031 0.046875 0.244437
56 0.932129 0.479004 0.0390625 0.0927734 0.265856
13 0.97583 0.486816 0.0473633 0.0966797 0.277554
2 0.550537 0.461426 0.043457 0.106445 0.38279
2 0.519043 0.430176 0.0546875 0.0712891 0.409285
2 0.501465 0.431641 0.0263672 0.0664062 0.412033
2 0.455811 0.430664 0.0219727 0.0332031 0.426378
0 0.829102 0.429199 0.0234375 0.118164 0.437057
9 0.462891 0.34082 0.0078125 0.0195312 0.442086
2 0.332275 0.443848 0.0366211 0.0537109 0.509029
2 0.482666 0.432129 0.0219727 0.0419922 0.527532
2 0.150879 0.458496 0.134766 0.145508 0.537787
2 0.539062 0.436035 0.0556641 0.0849609 0.551441
2 0.390625 0.433105 0.0253906 0.0380859 0.556589
2 0.581787 0.469727 0.0795898 0.113281 0.580468
2 0.36084 0.444336 0.0371094 0.0488281 0.624441
2 0.289551 0.452148 0.0615234 0.0859375 0.703172
0 0.787354 0.481934 0.0532227 0.264648 0.727119
2 0.639404 0.476562 0.171387 0.150391 0.755896
2 0.23291 0.462891 0.0771484 0.132812 0.821579
2 0.101318 0.476074 0.202637 0.155273 0.871073
