7 0.556885 0.398438 0.0405273 0.0761719 0.233671
2 0.442139 0.445801 0.0522461 0.0732422 0.244806
2 0.273438 0.46875 0.152344 0.162109 0.267137
2 0.489746 0.438477 0.0234375 0.0527344 0.282448
2 0.0556641 0.512695 0.109375 0.267578 0.355928
2 0.555176 0.399902 0.0400391 0.0830078 0.442339
2 0.468018 0.441895 0.0356445 0.0634766 0.504914
2 0.32666 0.471191 0.133789 0.147461 0.650941
2 0.416016 0.452148 0.0742188 0.0898438 0.674757
2 0.666748 0.435547 0.0737305 0.0722656 0.735385
2 0.755615 0.449707 0.0805664 0.147461 0.785723
2 0.832764 0.460449 0.13916 0.18457 0.816775
2 0.115234 0.507324 0.224609 0.311523 0.822753
2 0.605713 0.449707 0.0483398 0.0791016 0.840195
2 0.534912 0.46875 0.0795898 0.126953 0.852182
2 0.932129 0.51709 0.134766 0.204102 0.89626
