2 0.459961 0.426758 0.0263672 0.0273438 0.224787
9 0.828125 0.00976562 0.0273438 0.0195312 0.224789
11 0.548584 0.27002 0.0258789 0.0654297 0.291301
7 0.306396 0.40625 0.0454102 0.0976562 0.30527
2 0.391357 0.419922 0.0180664 0.0273438 0.311749
0 0.507324 0.44043 0.0126953 0.0800781 0.363354
2 0.410645 0.421387 0.0380859 0.0302734 0.485939
2 0.305176 0.418457 0.0439453 0.0634766 0.508196
9 0.897949 0.0649414 0.0390625 0.125977 0.596905
9 0.272461 0.362305 0.0117188 0.0605469 0.623746
2 0.756592 0.492676 0.0922852 0.125977 0.655476
2 0.0144043 0.399414 0.0288086 0.0527344 0.71439
2 0.653809 0.470703 0.132812 0.101562 0.83436
