2 0.428711 0.462891 0.0244141 0.111328 0.24676
2 0.441895 0.446289 0.0419922 0.0742188 0.325262
2 0.465576 0.442383 0.0229492 0.0585938 0.329147
0 0.427979 0.462402 0.0229492 0.125977 0.33438
2 0.454102 0.443359 0.0351562 0.0605469 0.38997
2 0.54541 0.419434 0.0185547 0.0361328 0.411736
2 0.650879 0.429688 0.0976562 0.179688 0.424422
2 0.523682 0.416504 0.0209961 0.0380859 0.500915
7 0.649658 0.429199 0.100098 0.176758 0.528644
2 0.590576 0.418945 0.0239258 0.0390625 0.592652
2 0.569092 0.419922 0.0307617 0.0371094 0.609332
2 0.367676 0.462402 0.0644531 0.0986328 0.759724
2 0.293213 0.479004 0.0952148 0.120117 0.790932
