2 0.11377 0.41748 0.0166016 0.0263672 0.222356
2 0.536377 0.466309 0.0473633 0.0849609 0.251615
2 0.395752 0.439941 0.019043 0.0556641 0.261729
2 0.157959 0.425781 0.0581055 0.0390625 0.354505
9 0.0908203 0.19873 0.0205078 0.125977 0.368667
2 0.0510254 0.460449 0.0239258 0.0400391 0.443876
7 0.629395 0.459473 0.133789 0.200195 0.476759
2 0.0219727 0.428223 0.0439453 0.0615234 0.511245
2 0.45459 0.450195 0.0410156 0.0625 0.565579
2 0.626221 0.457031 0.125488 0.201172 0.627183
2 0.552979 0.468262 0.034668 0.0986328 0.667128
2 0.409912 0.441895 0.0405273 0.0576172 0.680681
2 0.488281 0.45166 0.0341797 0.0693359 0.697769
9 0.702881 0.236816 0.0239258 0.100586 0.713472
2 0.519531 0.461426 0.0429688 0.0712891 0.734639
9 0.0656738 0.192383 0.0288086 0.123047 0.738126
0 0.0756836 0.45752 0.0419922 0.250977 0.754969
0 0.672852 0.479004 0.0341797 0.229492 0.788756
2 0.367676 0.44043 0.0380859 0.0683594 0.855331
2 0.306152 0.486328 0.101562 0.154297 0.857818
