0 0.555908 0.439453 0.0131836 0.0566406 0.248354
2 0.706055 0.446777 0.111328 0.256836 0.278032
2 0.512207 0.428711 0.015625 0.0214844 0.332307
7 0.153564 0.436035 0.197754 0.303711 0.447398
2 0.153076 0.436035 0.199707 0.307617 0.463483
2 0.538574 0.438477 0.0234375 0.046875 0.60096
7 0.701172 0.436523 0.125977 0.226562 0.626062
2 0.615967 0.458496 0.0385742 0.112305 0.687703
2 0.742432 0.480469 0.14209 0.259766 0.722708
2 0.945068 0.538086 0.108887 0.5 0.763162
2 0.327148 0.45752 0.0644531 0.118164 0.776883
2 0.444336 0.440918 0.0449219 0.0556641 0.793549
2 0.858643 0.52832 0.22998 0.359375 0.804544
2 0.27417 0.48291 0.0698242 0.135742 0.840264
2 0.393311 0.45752 0.0581055 0.0849609 0.885511
2 0.0583496 0.537598 0.116699 0.260742 0.901999
