2 0.119873 0.428223 0.0493164 0.0419922 0.202223
2 0.888672 0.505371 0.0791016 0.0634766 0.228667
2 0.752441 0.452148 0.0419922 0.0683594 0.23655
13 0.889404 0.505371 0.0786133 0.0576172 0.238569
2 0.0612793 0.44043 0.0356445 0.0390625 0.279544
2 0.0300293 0.444824 0.0297852 0.0419922 0.288479
9 0.514893 0.321777 0.00537109 0.0166016 0.325836
9 0.76001 0.222656 0.0297852 0.125 0.382826
2 0.0463867 0.440918 0.0595703 0.0478516 0.454002
2 0.358643 0.472168 0.081543 0.174805 0.788528
2 0.504639 0.44873 0.0600586 0.0986328 0.790865
2 0.28418 0.505371 0.167969 0.231445 0.893898
