2 0.501953 0.415039 0.0234375 0.015625 0.207445
2 0.526123 0.416504 0.0161133 0.0263672 0.23222
2 0.494141 0.413086 0.0244141 0.015625 0.234207
2 0.444092 0.422363 0.0200195 0.0283203 0.330585
2 0.45459 0.418945 0.0244141 0.0371094 0.372232
2 0.538574 0.418457 0.0205078 0.0439453 0.529055
2 0.580078 0.443848 0.0390625 0.0830078 0.554024
2 0.638916 0.461426 0.0541992 0.12793 0.556537
2 0.558594 0.426758 0.0283203 0.0546875 0.559042
2 0.341309 0.443848 0.0488281 0.116211 0.660356
2 0.616943 0.450684 0.0678711 0.104492 0.662805
2 0.304199 0.453613 0.0605469 0.129883 0.690728
2 0.254883 0.46875 0.0703125 0.142578 0.716509
2 0.743652 0.474609 0.223633 0.308594 0.832805
2 0.206787 0.48584 0.074707 0.166992 0.8497
2 0.401123 0.460449 0.0756836 0.118164 0.850811
2 0.0959473 0.508789 0.191895 0.216797 0.890623
