2 0.480957 0.443848 0.0146484 0.0146484 0.202635
2 0.55249 0.461914 0.0249023 0.078125 0.205732
2 0.522705 0.451172 0.0209961 0.0429688 0.210983
2 0.455078 0.447266 0.0175781 0.0253906 0.251846
2 0.544922 0.456543 0.0185547 0.0654297 0.254909
2 0.443848 0.452148 0.0195312 0.0273438 0.300412
2 0.426025 0.44873 0.0268555 0.0400391 0.375337
2 0.529297 0.453613 0.0166016 0.0498047 0.435329
2 0.5896 0.433105 0.0668945 0.166992 0.486792
7 0.585938 0.434082 0.0712891 0.165039 0.518495
1 0.278076 0.529785 0.0288086 0.124023 0.601207
2 0.982666 0.712402 0.034668 0.27832 0.626071
0 0.279297 0.467285 0.0429688 0.19043 0.685468
2 0.319824 0.474609 0.0605469 0.101562 0.743675
2 0.617676 0.478516 0.0634766 0.123047 0.747954
2 0.366211 0.465332 0.0439453 0.0771484 0.814076
2 0.677246 0.480957 0.102539 0.151367 0.860455
2 0.818848 0.511719 0.235352 0.318359 0.915486
