0 0.90625 0.462402 0.0322266 0.24707 0.203113
0 0.702393 0.441406 0.0375977 0.244141 0.234478
9 0.290527 0.194824 0.03125 0.0712891 0.261503
0 0.865234 0.448242 0.0585938 0.181641 0.282493
0 0.671143 0.437988 0.034668 0.22168 0.288957
0 0.99292 0.425781 0.0141602 0.134766 0.307294
9 0.960938 0.217285 0.0283203 0.0791016 0.426713
0 0.544678 0.365723 0.0229492 0.18457 0.447403
9 0.989014 0.214355 0.0219727 0.104492 0.452144
0 0.848145 0.44043 0.0283203 0.181641 0.638717
0 0.167969 0.396973 0.0263672 0.124023 0.642984
0 0.883057 0.449219 0.0385742 0.191406 0.652641
0 0.919189 0.466797 0.0444336 0.283203 0.718913
0 0.415039 0.432617 0.0410156 0.173828 0.767
0 0.382568 0.427734 0.0307617 0.1875 0.771186
0 0.634033 0.429199 0.0317383 0.196289 0.789916
0 0.686523 0.455566 0.0527344 0.266602 0.803118
2 0.0957031 0.507812 0.191406 0.337891 0.908886
