2 0.0161133 0.536621 0.0322266 0.213867 0.216463
5 0.355469 0.422363 0.0859375 0.174805 0.227219
2 0.552246 0.422363 0.0224609 0.0361328 0.240835
9 0.851318 0.196289 0.0170898 0.0644531 0.267861
9 0.311768 0.206543 0.0258789 0.176758 0.323977
2 0.354248 0.423828 0.0893555 0.175781 0.396282
7 0.35498 0.424805 0.0869141 0.173828 0.431637
2 0.45752 0.427734 0.0195312 0.0292969 0.463655
0 0.529785 0.433594 0.0195312 0.0800781 0.47493
2 0.629883 0.456055 0.0517578 0.109375 0.478933
0 0.829102 0.42627 0.0224609 0.100586 0.486435
0 0.57373 0.441895 0.0205078 0.12793 0.514058
74 0.953613 0.0620117 0.0351562 0.124023 0.515005
0 0.477539 0.435059 0.0195312 0.0810547 0.63573
2 0.298584 0.460938 0.0444336 0.103516 0.724743
0 0.925293 0.43457 0.0400391 0.189453 0.769854
0 0.863281 0.443359 0.0380859 0.210938 0.83777
2 0.663818 0.467773 0.0942383 0.126953 0.854855
