1 0.114258 0.480469 0.0302734 0.0566406 0.209795
1 0.179199 0.490234 0.0478516 0.0761719 0.261415
1 0.133545 0.50293 0.0219727 0.0683594 0.294551
1 0.0952148 0.473633 0.0507812 0.0625 0.565849
2 0.393066 0.453125 0.03125 0.0546875 0.574457
2 0.362793 0.460938 0.0302734 0.0703125 0.657939
1 0.965332 0.553223 0.0654297 0.200195 0.659834
0 0.915039 0.500977 0.0712891 0.355469 0.793287
2 0.320312 0.463867 0.0703125 0.0996094 0.815667
2 0.695557 0.461914 0.134277 0.140625 0.857179
0 0.841064 0.48291 0.0600586 0.354492 0.864142
2 0.539062 0.475586 0.262695 0.185547 0.917347
