2 0.379395 0.443848 0.0244141 0.0361328 0.415263
2 0.282227 0.454102 0.0283203 0.046875 0.427317
2 0.402344 0.442871 0.0253906 0.0361328 0.483177
2 0.249268 0.445801 0.0288086 0.0439453 0.489405
2 0.970947 0.442871 0.0581055 0.180664 0.508675
9 0.0078125 0.250977 0.0146484 0.109375 0.574065
2 0.43335 0.444336 0.0424805 0.0488281 0.682372
2 0.632568 0.449707 0.147949 0.0849609 0.683622
2 0.321289 0.453613 0.0371094 0.0537109 0.781502
2 0.772217 0.443359 0.0708008 0.0683594 0.781885
2 0.9104 0.45459 0.0795898 0.124023 0.824144
2 0.0161133 0.461426 0.0322266 0.0888672 0.849342
