2 0.687012 0.462891 0.0322266 0.0683594 0.206491
2 0.342285 0.439941 0.0205078 0.0322266 0.23763
2 0.578613 0.436523 0.0224609 0.0371094 0.309885
2 0.369385 0.432129 0.0493164 0.0380859 0.310711
2 0.178955 0.447266 0.0219727 0.0273438 0.338187
2 0.382812 0.431641 0.0263672 0.0351562 0.41661
2 0.513428 0.432617 0.0239258 0.0429688 0.54502
2 0.653809 0.451172 0.0302734 0.0644531 0.60877
2 0.560791 0.435547 0.027832 0.0449219 0.609767
2 0.0100098 0.462891 0.0200195 0.0898438 0.626553
2 0.437988 0.429688 0.0498047 0.0390625 0.666494
7 0.618408 0.403809 0.0522461 0.125977 0.677201
2 0.136963 0.440918 0.0395508 0.0498047 0.72218
2 0.473633 0.436035 0.0253906 0.0419922 0.725509
7 0.267334 0.370117 0.137207 0.306641 0.758842
2 0.0913086 0.449707 0.0664062 0.0634766 0.793584
7 0.747559 0.369141 0.178711 0.310547 0.798379
2 0.0332031 0.773926 0.0654297 0.397461 0.803804
