0 0.311768 0.443848 0.0131836 0.0595703 0.201234
9 0.38501 0.339355 0.00927734 0.0458984 0.238922
2 0.477783 0.446289 0.0170898 0.0234375 0.34247
0 0.822998 0.425293 0.0170898 0.0673828 0.361066
0 0.682373 0.43457 0.0141602 0.0664062 0.515872
5 0.568359 0.416016 0.0371094 0.0878906 0.620287
2 0.244873 0.46582 0.124512 0.162109 0.721946
0 0.0432129 0.460938 0.0268555 0.115234 0.78573
0 0.0727539 0.457031 0.0273438 0.128906 0.806316
2 0.393555 0.46875 0.0878906 0.121094 0.846815
2 0.876465 0.617188 0.245117 0.494141 0.929222
