9 0.772461 0.0454102 0.0292969 0.0849609 0.20001
0 0.228516 0.492676 0.0400391 0.118164 0.301942
0 0.237061 0.466797 0.0239258 0.121094 0.31231
2 0.477295 0.464355 0.0209961 0.0517578 0.343968
3 0.225098 0.508301 0.046875 0.106445 0.384429
2 0.263916 0.486328 0.0483398 0.0605469 0.444928
2 0.318115 0.469727 0.0532227 0.0761719 0.469879
2 0.181641 0.480469 0.0732422 0.0839844 0.47442
2 0.349854 0.477051 0.0395508 0.0498047 0.49145
2 0.279053 0.470215 0.0727539 0.0830078 0.545047
2 0.424316 0.477539 0.0361328 0.0429688 0.636924
2 0.457764 0.467773 0.0395508 0.0566406 0.696955
2 0.514648 0.47168 0.0546875 0.0976562 0.780845
