2 0.48291 0.442871 0.0273438 0.0419922 0.20681
2 0.393799 0.477051 0.0620117 0.104492 0.314733
0 0.565918 0.455566 0.0214844 0.0810547 0.327571
2 0.49292 0.44043 0.0229492 0.03125 0.368865
2 0.471436 0.444824 0.019043 0.0634766 0.378413
2 0.579102 0.43457 0.0371094 0.0507812 0.390071
2 0.627441 0.459961 0.0722656 0.121094 0.394972
7 0.546631 0.428711 0.0375977 0.0839844 0.418749
2 0.546387 0.429199 0.0371094 0.0849609 0.438569
2 0.290771 0.467285 0.171387 0.272461 0.525229
2 0.516602 0.4375 0.0214844 0.0371094 0.567029
7 0.290771 0.46582 0.172363 0.269531 0.576486
7 0.80957 0.412598 0.282227 0.530273 0.622151
2 0.453125 0.446777 0.0263672 0.0673828 0.630916
7 0.412109 0.422363 0.0751953 0.176758 0.72456
2 0.649414 0.475098 0.0488281 0.147461 0.765299
2 0.612061 0.450684 0.0493164 0.0791016 0.772444
2 0.953125 0.737793 0.09375 0.385742 0.791939
2 0.0371094 0.619141 0.0732422 0.386719 0.856365
