2 0.49292 0.427246 0.0249023 0.0263672 0.207498
2 0.0144043 0.512695 0.027832 0.138672 0.29797
9 0.377686 0.379883 0.00732422 0.0390625 0.348061
0 0.607178 0.429688 0.0170898 0.0566406 0.351782
0 0.577881 0.429688 0.0151367 0.0664062 0.353866
9 0.48584 0.272949 0.00976562 0.0341797 0.423023
9 0.361572 0.387695 0.0112305 0.03125 0.424386
2 0.498047 0.444336 0.03125 0.0625 0.42647
2 0.0148926 0.586914 0.0297852 0.292969 0.549786
2 0.648193 0.455566 0.0551758 0.131836 0.715811
2 0.458252 0.433105 0.0356445 0.0380859 0.726977
2 0.521729 0.452148 0.0629883 0.0839844 0.744727
2 0.371094 0.456055 0.0605469 0.0859375 0.799479
2 0.68457 0.46875 0.078125 0.146484 0.804956
2 0.0976562 0.519531 0.192383 0.306641 0.886346
2 0.889893 0.504883 0.219238 0.326172 0.895372
2 0.750488 0.481934 0.120117 0.196289 0.900673
2 0.241211 0.492188 0.118164 0.193359 0.906212
