2 0.49707 0.419922 0.015625 0.0253906 0.200767
9 0.0549316 0.133301 0.0131836 0.0654297 0.215337
2 0.528564 0.417969 0.0219727 0.0214844 0.243464
2 0.54834 0.41748 0.0253906 0.0380859 0.284505
2 0.47998 0.418945 0.015625 0.0253906 0.287893
9 0.88916 0.112793 0.0195312 0.0712891 0.288626
9 0.831543 0.305664 0.0078125 0.0332031 0.323918
9 0.993164 0.228516 0.0136719 0.117188 0.34238
2 0.503906 0.419434 0.0185547 0.0302734 0.474984
1 0.750732 0.475098 0.0424805 0.110352 0.481525
0 0.747803 0.441406 0.0405273 0.148438 0.540338
7 0.590332 0.410156 0.0634766 0.115234 0.717263
2 0.0253906 0.51123 0.0507812 0.229492 0.823989
2 0.442627 0.443848 0.0600586 0.0927734 0.842328
