2 0.414307 0.450684 0.0385742 0.100586 0.246935
2 0.0300293 0.326172 0.0600586 0.0566406 0.264565
2 0.567139 0.436523 0.059082 0.0839844 0.323555
2 0.544434 0.424316 0.03125 0.0576172 0.364778
7 0.378418 0.424805 0.0810547 0.195312 0.375214
7 0.585693 0.436523 0.0493164 0.103516 0.437566
2 0.380615 0.420898 0.0864258 0.191406 0.473943
2 0.427979 0.441895 0.027832 0.0673828 0.598379
2 0.587646 0.439453 0.0493164 0.109375 0.625086
2 0.552734 0.44043 0.0273438 0.0566406 0.630389
2 0.355713 0.460938 0.074707 0.173828 0.648904
2 0.977783 0.646973 0.0444336 0.270508 0.663738
2 0.45752 0.4375 0.0341797 0.0449219 0.689144
2 0.313721 0.476074 0.0668945 0.200195 0.689684
2 0.927002 0.56543 0.145996 0.289062 0.721102
2 0.858154 0.505371 0.257324 0.317383 0.824736
2 0.669434 0.478027 0.143555 0.186523 0.85719
2 0.223877 0.522949 0.158691 0.28418 0.891501
2 0.0891113 0.597656 0.17627 0.498047 0.920389
