2 0.518311 0.432617 0.0209961 0.0214844 0.226027
2 0.43042 0.447754 0.0229492 0.0361328 0.252295
2 0.568604 0.447754 0.0336914 0.0537109 0.268396
2 0.423828 0.445312 0.0205078 0.0488281 0.275935
2 0.545166 0.441895 0.0258789 0.0380859 0.282603
2 0.454834 0.442383 0.0200195 0.0253906 0.365241
2 0.592285 0.455566 0.0224609 0.0751953 0.425007
2 0.0144043 0.566895 0.0288086 0.188477 0.467314
2 0.553711 0.447754 0.0224609 0.0439453 0.476957
2 0.446777 0.444824 0.0244141 0.0302734 0.484772
2 0.65332 0.473145 0.0449219 0.110352 0.505582
2 0.578857 0.453613 0.0258789 0.0712891 0.533812
2 0.39624 0.444336 0.0395508 0.0859375 0.564074
2 0.764404 0.515625 0.0620117 0.220703 0.590616
2 0.681396 0.478027 0.0600586 0.141602 0.673657
2 0.618164 0.463867 0.0419922 0.0820312 0.687438
7 0.889648 0.387695 0.216797 0.775391 0.745273
2 0.730469 0.500977 0.0957031 0.183594 0.821649
2 0.30957 0.479492 0.203125 0.128906 0.875959
