2 0.246338 0.434082 0.0200195 0.0322266 0.221298
2 0.444336 0.445801 0.0458984 0.0673828 0.2243
2 0.49585 0.443848 0.0258789 0.0439453 0.273298
2 0.295898 0.441895 0.0253906 0.0244141 0.273699
2 0.579834 0.446777 0.0249023 0.0615234 0.307969
2 0.710449 0.464844 0.0869141 0.269531 0.322278
2 0.570801 0.450684 0.0195312 0.0517578 0.329196
2 0.327393 0.438477 0.0317383 0.0253906 0.358154
2 0.758545 0.458008 0.181152 0.306641 0.470887
2 0.597168 0.445801 0.0371094 0.0810547 0.555005
2 0.433594 0.438965 0.0283203 0.0556641 0.556648
2 0.506592 0.441406 0.0219727 0.0371094 0.574998
7 0.760254 0.458984 0.173828 0.308594 0.590576
2 0.526367 0.432617 0.0175781 0.0273438 0.605326
2 0.200439 0.443359 0.0327148 0.0390625 0.652001
2 0.61084 0.454102 0.0400391 0.09375 0.656619
2 0.0803223 0.451172 0.0541992 0.0507812 0.739726
2 0.138428 0.449707 0.0375977 0.0439453 0.765903
2 0.645264 0.466797 0.0717773 0.132812 0.826619
2 0.4021 0.452637 0.0483398 0.0732422 0.828712
2 0.463867 0.458496 0.0527344 0.0830078 0.852821
