2 0.19165 0.435059 0.0561523 0.0498047 0.249807
9 0.941162 0.37207 0.00732422 0.0429688 0.273419
0 0.750732 0.415527 0.019043 0.124023 0.412873
2 0.0952148 0.488281 0.180664 0.214844 0.470051
9 0.510986 0.234863 0.012207 0.0517578 0.505011
0 0.127197 0.489258 0.0991211 0.373047 0.509008
0 0.524658 0.453613 0.0219727 0.0810547 0.569113
7 0.398438 0.423828 0.0957031 0.171875 0.619642
0 0.581299 0.453613 0.0209961 0.0908203 0.706049
2 0.973389 0.472168 0.0532227 0.0693359 0.788394
0 0.342773 0.51709 0.0957031 0.450195 0.827691
2 0.678711 0.464844 0.15332 0.115234 0.877974
0 0.270996 0.51416 0.0703125 0.374023 0.886787
2 0.876953 0.467773 0.161133 0.132812 0.906215
