2 0.272217 0.419922 0.0375977 0.0273438 0.218315
7 0.603027 0.416992 0.0644531 0.138672 0.250779
5 0.707275 0.363281 0.105957 0.0742188 0.278796
2 0.340576 0.412598 0.0170898 0.0263672 0.295136
7 0.70874 0.369629 0.11084 0.0888672 0.335781
2 0.729248 0.490723 0.081543 0.24707 0.354582
9 0.590576 0.313477 0.00634766 0.0371094 0.40049
2 0.0400391 0.432617 0.046875 0.0449219 0.540354
2 0.637207 0.458496 0.0595703 0.141602 0.573379
2 0.601074 0.417969 0.0654297 0.128906 0.628713
2 0.673584 0.46875 0.106934 0.162109 0.706628
2 0.778809 0.503906 0.141602 0.259766 0.811237
2 0.521973 0.45459 0.0986328 0.186523 0.861067
2 0.876465 0.603027 0.245117 0.575195 0.896895
