9 0.66333 0.261719 0.019043 0.0507812 0.206968
9 0.665283 0.338379 0.012207 0.0478516 0.225894
2 0.671143 0.436523 0.065918 0.0683594 0.243077
9 0.664551 0.287598 0.0175781 0.0927734 0.255409
2 0.414551 0.429199 0.0263672 0.0380859 0.287161
9 0.371582 0.233887 0.00878906 0.0478516 0.299462
2 0.652832 0.4375 0.0302734 0.0644531 0.301053
9 0.663574 0.312988 0.015625 0.0576172 0.346149
0 0.223389 0.464844 0.0522461 0.185547 0.387374
0 0.196289 0.439453 0.0263672 0.150391 0.395786
2 0.232666 0.476074 0.0620117 0.18457 0.400132
5 0.718262 0.388184 0.0341797 0.0517578 0.404171
0 0.777588 0.431641 0.0249023 0.125 0.437795
7 0.300537 0.4375 0.0844727 0.154297 0.474919
2 0.301025 0.439941 0.0834961 0.161133 0.500039
2 0.263672 0.464355 0.0517578 0.166992 0.530955
2 0.947754 0.583008 0.102539 0.652344 0.549593
0 0.0864258 0.384277 0.0341797 0.0712891 0.668072
2 0.604248 0.437988 0.0454102 0.0615234 0.753728
2 0.137207 0.502441 0.12207 0.202148 0.878654
2 0.0458984 0.519531 0.0917969 0.248047 0.892267
