2 0.0319824 0.481934 0.0629883 0.174805 0.2384
2 0.701172 0.458008 0.107422 0.132812 0.250397
2 0.581787 0.445312 0.0366211 0.046875 0.253252
2 0.341309 0.424805 0.0410156 0.0761719 0.263139
2 0.468994 0.42334 0.0200195 0.0224609 0.266602
9 0.442627 0.310059 0.0102539 0.0283203 0.339536
2 0.4104 0.422852 0.0239258 0.03125 0.408375
2 0.0900879 0.475098 0.180176 0.163086 0.414802
2 0.317627 0.424805 0.0883789 0.0820312 0.526717
2 0.160889 0.465332 0.0834961 0.133789 0.56929
2 0.213379 0.445312 0.166992 0.113281 0.589507
2 0.607178 0.441895 0.0473633 0.0732422 0.610254
2 0.6521 0.448242 0.0600586 0.109375 0.620726
2 0.783203 0.484375 0.174805 0.220703 0.750778
2 0.503662 0.43457 0.0336914 0.0488281 0.783857
