0 0.607178 0.411621 0.0112305 0.0537109 0.232398
0 0.685303 0.416016 0.0141602 0.0742188 0.267893
0 0.631104 0.423828 0.012207 0.09375 0.271864
0 0.218506 0.425293 0.0112305 0.0302734 0.286375
0 0.505371 0.400879 0.0078125 0.0361328 0.290498
0 0.593018 0.424316 0.0131836 0.0673828 0.359815
0 0.19458 0.420898 0.0131836 0.0390625 0.388217
0 0.0703125 0.425781 0.0126953 0.0585938 0.402712
0 0.0878906 0.421875 0.015625 0.0683594 0.445539
0 0.181641 0.422852 0.0117188 0.0390625 0.489452
0 0.643799 0.42627 0.0200195 0.110352 0.533615
9 0.432861 0.265137 0.00732422 0.0419922 0.569749
2 0.454834 0.447266 0.081543 0.142578 0.849736
