2 0.333008 0.453125 0.0175781 0.0488281 0.207783
2 0.616943 0.446777 0.0258789 0.0712891 0.232195
2 0.183105 0.430176 0.107422 0.174805 0.239156
2 0.530273 0.43457 0.0263672 0.0273438 0.24749
38 0.563965 0.893555 0.0527344 0.134766 0.286829
9 0.579346 0.00878906 0.0307617 0.0175781 0.316979
2 0.520264 0.431152 0.019043 0.0244141 0.33634
2 0.594482 0.443359 0.0200195 0.0585938 0.371053
2 0.572754 0.441406 0.0185547 0.0390625 0.372166
2 0.4104 0.438965 0.0180664 0.0244141 0.414429
2 0.319824 0.458984 0.0351562 0.0546875 0.437985
2 0.291748 0.44873 0.0366211 0.0849609 0.481912
2 0.69165 0.461914 0.0473633 0.117188 0.55112
7 0.181152 0.428711 0.109375 0.171875 0.57364
2 0.631836 0.446289 0.0302734 0.078125 0.596614
2 0.711426 0.468262 0.0732422 0.139648 0.617664
7 0.784668 0.446289 0.0820312 0.203125 0.647395
2 0.603516 0.443359 0.0371094 0.0703125 0.654555
2 0.495361 0.440918 0.027832 0.0517578 0.677909
2 0.669678 0.457031 0.0610352 0.111328 0.739722
2 0.0490723 0.489258 0.0981445 0.173828 0.851124
2 0.371094 0.455078 0.0507812 0.0742188 0.851294
2 0.225098 0.485352 0.123047 0.136719 0.867781
2 0.121582 0.481934 0.0664062 0.120117 0.880294
