2 0.0671387 0.381348 0.0229492 0.0263672 0.235472
2 0.838135 0.430176 0.0493164 0.0537109 0.281556
1 0.650391 0.433594 0.046875 0.0625 0.284761
9 0.675537 0.307129 0.00830078 0.0244141 0.324648
2 0.693359 0.425781 0.0419922 0.0839844 0.357496
2 0.832764 0.412109 0.0395508 0.0625 0.359811
0 0.68335 0.416992 0.0209961 0.101562 0.496375
9 0.207275 0.15918 0.0551758 0.146484 0.556368
9 0.154053 0.133789 0.0444336 0.101562 0.575282
2 0.912109 0.432129 0.0830078 0.0556641 0.580716
2 0.859619 0.429199 0.0776367 0.0595703 0.595621
0 0.583008 0.423828 0.0244141 0.101562 0.76991
7 0.423584 0.384766 0.233887 0.210938 0.797746
2 0.9729 0.447754 0.0532227 0.0908203 0.809731
2 0.762451 0.428223 0.10498 0.0693359 0.810316
