7 0.631104 0.42041 0.0375977 0.0908203 0.220863
9 0.0812988 0.199219 0.0219727 0.105469 0.223554
5 0.631104 0.42041 0.0375977 0.0908203 0.225383
2 0.667725 0.418457 0.0454102 0.149414 0.228875
2 0.548828 0.42334 0.0205078 0.0244141 0.232078
2 0.568359 0.422363 0.0292969 0.0185547 0.241512
1 0.900146 0.473145 0.0327148 0.120117 0.252723
0 0.43042 0.336914 0.171387 0.425781 0.261268
0 0.455078 0.352539 0.0419922 0.0800781 0.267775
2 0.577393 0.42041 0.0180664 0.0205078 0.298222
9 0.0856934 0.286621 0.0229492 0.0712891 0.307878
2 0.604492 0.430176 0.0175781 0.0322266 0.352515
7 0.669678 0.413574 0.0483398 0.161133 0.362889
2 0.526123 0.427734 0.019043 0.0351562 0.412332
2 0.555908 0.421875 0.0180664 0.0195312 0.451812
7 0.73584 0.414551 0.120117 0.225586 0.74947
2 0.140381 0.533203 0.251465 0.271484 0.846809
5 0.428467 0.327148 0.178223 0.449219 0.902648
