2 0.518799 0.447266 0.0454102 0.0996094 0.24305
2 0.489258 0.442383 0.0332031 0.0800781 0.262294
2 0.402344 0.427246 0.0292969 0.0263672 0.29748
2 0.394043 0.429688 0.0214844 0.0253906 0.427171
2 0.481201 0.431152 0.0249023 0.0595703 0.449444
2 0.216797 0.442383 0.0957031 0.132812 0.516017
7 0.217529 0.441406 0.0961914 0.132812 0.538104
2 0.543213 0.450684 0.0825195 0.106445 0.623435
2 0.291016 0.435059 0.0517578 0.0927734 0.69065
2 0.017334 0.51709 0.034668 0.208008 0.75803
2 0.456299 0.44873 0.0483398 0.0712891 0.819381
2 0.072998 0.494141 0.13916 0.201172 0.825753
2 0.336426 0.461914 0.0898438 0.142578 0.852128
2 0.78418 0.521973 0.248047 0.303711 0.856658
2 0.894287 0.604492 0.208496 0.505859 0.860074
2 0.645264 0.489746 0.130371 0.194336 0.899674
