2 0.431641 0.42627 0.0234375 0.0302734 0.283894
13 0.917969 0.527344 0.0966797 0.167969 0.315108
2 0.485352 0.415527 0.0175781 0.0244141 0.365161
2 0.576904 0.418945 0.0200195 0.0585938 0.385481
2 0.571777 0.410645 0.0185547 0.0439453 0.444705
2 0.552246 0.410156 0.0214844 0.0390625 0.447361
2 0.624756 0.437988 0.0512695 0.118164 0.53742
2 0.592529 0.426758 0.034668 0.0800781 0.604512
2 0.452881 0.419922 0.0239258 0.0390625 0.659137
0 0.143311 0.439941 0.0180664 0.114258 0.687299
2 0.513184 0.446289 0.0576172 0.0820312 0.750457
2 0.394043 0.438965 0.0507812 0.0712891 0.862547
2 0.675537 0.460449 0.120605 0.172852 0.863445
2 0.287354 0.451172 0.0688477 0.078125 0.869184
