2 0.560303 0.438477 0.0249023 0.0664062 0.2092
0 0.755615 0.45752 0.0288086 0.0986328 0.233981
2 0.516846 0.427246 0.0249023 0.0263672 0.246106
2 0.296143 0.471191 0.0932617 0.12207 0.340879
0 0.748047 0.47168 0.0185547 0.0996094 0.353449
2 0.534424 0.428711 0.0239258 0.0292969 0.356333
0 0.727295 0.473145 0.0239258 0.100586 0.400258
0 0.764893 0.446289 0.0180664 0.0917969 0.418444
2 0.468018 0.422852 0.0356445 0.0488281 0.488671
0 0.439697 0.439453 0.0161133 0.0898438 0.497132
2 0.409424 0.449219 0.0454102 0.0683594 0.523786
2 0.330811 0.467285 0.0844727 0.108398 0.666071
2 0.385742 0.452148 0.0761719 0.0761719 0.670301
2 0.158936 0.503418 0.239746 0.198242 0.699079
2 0.0422363 0.59375 0.0834961 0.208984 0.715601
2 0.621582 0.459473 0.0585938 0.104492 0.742884
2 0.0808105 0.533203 0.154785 0.214844 0.764539
2 0.583252 0.448242 0.0424805 0.0839844 0.781868
