0 0.793213 0.427734 0.0151367 0.107422 0.226894
0 0.699707 0.435059 0.0146484 0.0712891 0.229543
0 0.580322 0.436523 0.0102539 0.0351562 0.250912
1 0.140137 0.460449 0.0253906 0.108398 0.253904
2 0.609375 0.433594 0.0302734 0.0644531 0.269304
0 0.706299 0.433105 0.0180664 0.0771484 0.278172
2 0.50293 0.442871 0.0185547 0.0322266 0.293741
2 0.392334 0.453613 0.0463867 0.0712891 0.297077
2 0.519531 0.419434 0.0292969 0.0634766 0.348292
2 0.621094 0.437988 0.0439453 0.0771484 0.379928
2 0.630859 0.459473 0.0449219 0.108398 0.404522
0 0.779297 0.439453 0.0185547 0.0976562 0.416446
2 0.493652 0.44043 0.03125 0.0351562 0.440215
2 0.438965 0.445312 0.0244141 0.0527344 0.45484
0 0.724854 0.431152 0.0170898 0.0888672 0.508988
1 0.165039 0.491211 0.0507812 0.0761719 0.6077
0 0.761475 0.433105 0.0209961 0.129883 0.682363
2 0.417236 0.443848 0.0532227 0.0751953 0.699126
2 0.460938 0.445801 0.0302734 0.0458984 0.707133
0 0.811523 0.433594 0.0224609 0.109375 0.727732
2 0.376221 0.457031 0.0395508 0.0742188 0.751534
0 0.0622559 0.475586 0.0288086 0.158203 0.752593
0 0.902588 0.460938 0.0356445 0.191406 0.785941
2 0.332031 0.458008 0.0634766 0.103516 0.792207
2 0.545898 0.450195 0.0380859 0.0605469 0.797605
2 0.664307 0.470215 0.0864258 0.124023 0.825734
2 0.275391 0.475098 0.100586 0.108398 0.89148
