0 0.649414 0.439941 0.0263672 0.102539 0.214567
0 0.623779 0.439941 0.0229492 0.0927734 0.254765
0 0.593994 0.443848 0.0219727 0.0908203 0.269127
0 0.146484 0.458008 0.0224609 0.0996094 0.284728
0 0.587402 0.445801 0.0136719 0.0888672 0.288505
2 0.424316 0.440918 0.0205078 0.0224609 0.31561
2 0.399658 0.464844 0.0268555 0.0488281 0.325277
0 0.10376 0.453125 0.0161133 0.0820312 0.448382
0 0.60791 0.443848 0.0195312 0.0927734 0.522306
0 0.691895 0.4375 0.0185547 0.125 0.583676
2 0.452881 0.444336 0.027832 0.0390625 0.584269
0 0.709961 0.455078 0.0283203 0.166016 0.661663
2 0.491943 0.440918 0.0307617 0.0400391 0.676112
1 0.971924 0.666992 0.0551758 0.255859 0.679292
0 0.657715 0.439941 0.0195312 0.116211 0.796416
0 0.811768 0.441406 0.0366211 0.181641 0.797533
0 0.780273 0.464355 0.0488281 0.262695 0.888131
