2 0.654053 0.427734 0.0385742 0.103516 0.200841
0 0.124756 0.425781 0.0209961 0.0585938 0.208044
9 0.615723 0.159668 0.0214844 0.0693359 0.215164
0 0.459229 0.430176 0.0141602 0.0517578 0.225613
2 0.304443 0.464844 0.0366211 0.0605469 0.229941
2 0.871826 0.440918 0.0180664 0.0576172 0.235097
0 0.916748 0.452637 0.0170898 0.0751953 0.238189
2 0.898193 0.438965 0.027832 0.0537109 0.303816
0 0.458252 0.462402 0.019043 0.104492 0.316077
2 0.63208 0.478027 0.034668 0.178711 0.336614
0 0.42749 0.45166 0.0151367 0.0751953 0.362135
2 0.950439 0.444336 0.0473633 0.0839844 0.518525
0 0.328613 0.459473 0.0175781 0.0986328 0.609519
2 0.825684 0.433105 0.0195312 0.0361328 0.664771
2 0.85083 0.433105 0.0209961 0.0400391 0.674329
0 0.385254 0.456543 0.0175781 0.0908203 0.678435
2 0.55249 0.509766 0.155762 0.314453 0.748539
2 0.731689 0.490723 0.162598 0.250977 0.841462
2 0.0869141 0.490723 0.116211 0.125977 0.889309
