38 0.563721 0.890625 0.0512695 0.132812 0.207767
2 0.385498 0.435547 0.0327148 0.09375 0.230399
2 0.391846 0.408691 0.0454102 0.0537109 0.482173
2 0.349854 0.449707 0.0864258 0.166992 0.581462
0 0.227539 0.44873 0.0517578 0.225586 0.606668
3 0.226562 0.463867 0.0507812 0.214844 0.614124
2 0.406982 0.411621 0.0209961 0.0478516 0.62272
2 0.485107 0.410645 0.0424805 0.0576172 0.64764
0 0.0375977 0.441406 0.0546875 0.259766 0.694796
9 0.884033 0.135742 0.0512695 0.185547 0.716431
1 0.0373535 0.515137 0.0737305 0.18457 0.773255
0 0.293457 0.507812 0.126953 0.451172 0.814767
