2 0.539795 0.440918 0.0180664 0.0556641 0.213402
2 0.403809 0.441895 0.0400391 0.0537109 0.263377
2 0.387939 0.442383 0.0512695 0.0644531 0.471216
2 0.423096 0.439941 0.0307617 0.0439453 0.520155
2 0.368164 0.45459 0.0537109 0.0869141 0.628996
2 0.335938 0.460938 0.0605469 0.105469 0.655983
2 0.268799 0.463379 0.10791 0.120117 0.764997
2 0.693848 0.469238 0.175781 0.151367 0.785725
2 0.607178 0.453613 0.109863 0.124023 0.798143
2 0.823975 0.515625 0.327637 0.261719 0.822963
2 0.490234 0.445801 0.0859375 0.157227 0.825807
2 0.150146 0.509277 0.300293 0.186523 0.835858
