2 0.234619 0.484375 0.0776367 0.0566406 0.208259
0 0.703613 0.46875 0.0400391 0.105469 0.224872
2 0.466309 0.472168 0.0195312 0.0458984 0.235406
0 0.0998535 0.516113 0.019043 0.0888672 0.23868
9 0.139404 0.288086 0.019043 0.0703125 0.24461
7 0.0258789 0.483398 0.0507812 0.171875 0.284149
1 0.759277 0.516602 0.0380859 0.0546875 0.297693
1 0.743652 0.513672 0.0498047 0.0566406 0.309273
0 0.67749 0.46875 0.0258789 0.09375 0.394922
2 0.254639 0.47998 0.043457 0.0517578 0.482194
2 0.516357 0.470703 0.0297852 0.0605469 0.498042
0 0.716309 0.46582 0.0205078 0.109375 0.537645
2 0.564941 0.467773 0.0302734 0.0742188 0.538298
0 0.606445 0.474121 0.0322266 0.155273 0.597893
0 0.157471 0.483398 0.0239258 0.144531 0.628858
2 0.581543 0.467285 0.046875 0.0849609 0.634744
0 0.297852 0.474609 0.0126953 0.0722656 0.640076
2 0.490234 0.475586 0.0400391 0.0585938 0.653444
0 0.692139 0.469727 0.019043 0.0976562 0.67106
2 0.385254 0.478516 0.0351562 0.0566406 0.69522
2 0.438232 0.476074 0.0405273 0.0556641 0.753835
9 0.528076 0.0996094 0.0219727 0.0878906 0.81223
