9 0.641113 0.37793 0.00878906 0.0390625 0.238719
2 0.481201 0.436035 0.0170898 0.0205078 0.314394
2 0.431885 0.436523 0.0249023 0.0273438 0.32333
2 0.566406 0.428223 0.0195312 0.0380859 0.339355
9 0.442871 0.368652 0.0107422 0.0205078 0.385529
2 0.396729 0.427734 0.0249023 0.0390625 0.397822
2 0.00756836 0.46875 0.0141602 0.078125 0.433542
9 0.572998 0.285156 0.00830078 0.0292969 0.447368
2 0.582764 0.439941 0.0219727 0.0361328 0.553553
2 0.364746 0.435547 0.0615234 0.0488281 0.557347
2 0.0197754 0.467285 0.0385742 0.0810547 0.599893
2 0.621582 0.442383 0.0546875 0.0917969 0.63408
2 0.658936 0.468262 0.0493164 0.110352 0.639264
2 0.703369 0.478027 0.0717773 0.151367 0.764537
2 0.5354 0.441406 0.0385742 0.0683594 0.824168
2 0.764404 0.493652 0.11377 0.202148 0.831661
2 0.922119 0.571777 0.148926 0.368164 0.85558
2 0.865967 0.527832 0.219238 0.27832 0.858389
2 0.158447 0.50293 0.260254 0.324219 0.869883
