2 0.507812 0.430176 0.0166016 0.0263672 0.230095
2 0.51416 0.432129 0.0224609 0.0244141 0.235113
2 0.556396 0.447754 0.027832 0.0517578 0.422574
2 0.544434 0.441895 0.0205078 0.0419922 0.425346
2 0.590576 0.457031 0.0229492 0.0761719 0.425734
2 0.460938 0.441406 0.0205078 0.0410156 0.551132
2 0.568848 0.450684 0.0263672 0.0576172 0.563536
2 0.580078 0.455078 0.0273438 0.0722656 0.580959
2 0.667969 0.489746 0.0761719 0.166992 0.621191
2 0.331055 0.467285 0.0400391 0.0947266 0.624518
2 0.4375 0.441406 0.0292969 0.0449219 0.64562
2 0.356934 0.460449 0.0458984 0.0869141 0.716324
2 0.729736 0.495117 0.149902 0.216797 0.732304
2 0.391602 0.455078 0.0332031 0.0761719 0.744373
2 0.619385 0.459961 0.059082 0.09375 0.832457
2 0.282227 0.475586 0.0908203 0.123047 0.849919
2 0.100098 0.524902 0.197266 0.237305 0.901672
2 0.849854 0.562012 0.224121 0.303711 0.903315
