2 0.581055 0.438965 0.0283203 0.0712891 0.267488
2 0.282471 0.427246 0.0756836 0.188477 0.276216
2 0.591553 0.4375 0.0219727 0.0839844 0.311596
7 0.290283 0.384277 0.0932617 0.131836 0.32866
9 0.560059 0.293945 0.00976562 0.0332031 0.350856
2 0.428467 0.433105 0.0297852 0.0517578 0.352218
2 0.418457 0.428223 0.0390625 0.0654297 0.373693
0 0.476562 0.416504 0.00878906 0.0380859 0.43311
0 0.541016 0.431641 0.00976562 0.0507812 0.572581
2 0.271484 0.468262 0.0556641 0.114258 0.598397
0 0.508057 0.429199 0.0102539 0.0556641 0.612107
2 0.452393 0.430664 0.0239258 0.0429688 0.620162
2 0.627197 0.45166 0.0581055 0.139648 0.623137
2 0.0185547 0.532227 0.0361328 0.197266 0.671629
2 0.719727 0.495605 0.0849609 0.18457 0.673236
2 0.0830078 0.483398 0.155273 0.259766 0.702281
2 0.678711 0.478516 0.0976562 0.164062 0.742934
2 0.203613 0.474121 0.0996094 0.166992 0.842151
2 0.358887 0.474609 0.123047 0.158203 0.852066
2 0.819092 0.55127 0.210449 0.313477 0.867732
2 0.930176 0.634277 0.138672 0.598633 0.882271
