0 0.0849609 0.475098 0.0371094 0.176758 0.200959
2 0.426758 0.44873 0.0214844 0.0361328 0.214546
0 0.261719 0.445801 0.0107422 0.0517578 0.222923
5 0.151611 0.432617 0.103027 0.146484 0.232096
2 0.754395 0.478027 0.0634766 0.165039 0.27014
2 0.415283 0.447754 0.0385742 0.0400391 0.337871
2 0.400635 0.450195 0.0444336 0.0410156 0.422019
0 0.0722656 0.475098 0.0302734 0.168945 0.438259
0 0.027832 0.470215 0.0292969 0.151367 0.520831
0 0.657715 0.453125 0.0419922 0.167969 0.607341
1 0.663574 0.508789 0.0253906 0.078125 0.624691
2 0.727783 0.459961 0.0952148 0.160156 0.675877
2 0.471436 0.435547 0.0288086 0.0371094 0.683273
0 0.196289 0.467773 0.0273438 0.119141 0.746469
2 0.804443 0.486328 0.126465 0.210938 0.792211
2 0.533691 0.465332 0.078125 0.149414 0.792945
2 0.918213 0.48291 0.163574 0.348633 0.882895
