0 0.477539 0.419922 0.0175781 0.0488281 0.237265
2 0.584473 0.45166 0.0605469 0.223633 0.258303
2 0.991455 0.412109 0.0170898 0.0527344 0.258363
9 0.445068 0.186523 0.0209961 0.107422 0.338186
2 0.983154 0.408691 0.0336914 0.0517578 0.372001
0 0.113525 0.47168 0.0366211 0.0976562 0.398091
9 0.215332 0.29248 0.0253906 0.104492 0.438078
10 0.271484 0.519043 0.0292969 0.0927734 0.486122
2 0.833984 0.431152 0.0625 0.0537109 0.557331
9 0.185059 0.291992 0.0224609 0.0996094 0.608634
9 0.474609 0.202637 0.0283203 0.149414 0.648223
3 0.870361 0.61377 0.137207 0.288086 0.651475
2 0.515381 0.470215 0.10791 0.12207 0.732885
2 0.676758 0.469238 0.170898 0.147461 0.844157
0 0.78125 0.515625 0.0673828 0.429688 0.847976
0 0.58374 0.447754 0.0483398 0.260742 0.850161
2 0.905762 0.459961 0.188477 0.146484 0.864445
0 0.243164 0.460938 0.0380859 0.210938 0.873155
0 0.438965 0.466309 0.0498047 0.249023 0.884742
