2 0.656738 0.496582 0.0576172 0.0712891 0.295587
9 0.642578 0.21875 0.0146484 0.0410156 0.370097
7 0.376465 0.491699 0.0751953 0.0849609 0.382379
9 0.626465 0.228516 0.0126953 0.0585938 0.408813
9 0.316162 0.364258 0.00830078 0.0488281 0.410602
2 0.681641 0.491211 0.0361328 0.103516 0.462172
74 0.764648 0.179199 0.0859375 0.163086 0.481686
9 0.428711 0.184082 0.0146484 0.0615234 0.547947
2 0.37915 0.492676 0.0698242 0.0830078 0.593514
2 0.705811 0.496582 0.043457 0.116211 0.637853
2 0.642822 0.500488 0.034668 0.0478516 0.769146
2 0.777344 0.511719 0.126953 0.195312 0.8753
5 0.0803223 0.437988 0.157715 0.196289 0.889409
