9 0.433105 0.309082 0.00878906 0.0419922 0.271056
2 0.350586 0.46582 0.0429688 0.0625 0.28777
9 0.715576 0.379883 0.0112305 0.0390625 0.297613
7 0.35083 0.464355 0.0454102 0.0654297 0.317755
0 0.823486 0.455566 0.0180664 0.0888672 0.339162
9 0.244873 0.277832 0.0131836 0.0498047 0.414194
5 0.416504 0.457031 0.0673828 0.0859375 0.457872
9 0.374756 0.385742 0.0141602 0.0410156 0.507244
7 0.41748 0.454102 0.0664062 0.0839844 0.523719
0 0.0266113 0.492188 0.0209961 0.0800781 0.660014
9 0.518311 0.250977 0.0102539 0.046875 0.666806
2 0.238525 0.481934 0.0366211 0.0341797 0.670496
0 0.0891113 0.495117 0.027832 0.117188 0.708293
0 0.308838 0.478027 0.019043 0.0869141 0.728634
2 0.53833 0.484375 0.0581055 0.0996094 0.856228
2 0.628174 0.480957 0.0688477 0.118164 0.861599
