2 0.981445 0.437988 0.0371094 0.104492 0.212292
2 0.176514 0.454102 0.027832 0.0585938 0.220499
2 0.904053 0.382812 0.0698242 0.0898438 0.255145
2 0.542725 0.439941 0.0336914 0.0498047 0.27922
0 0.0100098 0.460938 0.019043 0.105469 0.286328
2 0.975342 0.408691 0.0493164 0.106445 0.340611
2 0.932129 0.39209 0.133789 0.108398 0.367008
7 0.842773 0.410156 0.0712891 0.113281 0.388404
2 0.767822 0.412109 0.0834961 0.115234 0.39538
2 0.521484 0.43457 0.0361328 0.0605469 0.419428
7 0.765137 0.401855 0.0908203 0.135742 0.439296
2 0.458252 0.452148 0.0571289 0.0625 0.468782
2 0.718018 0.445801 0.034668 0.112305 0.48226
0 0.716309 0.447266 0.0332031 0.121094 0.510284
2 0.421875 0.447754 0.0302734 0.0634766 0.522986
2 0.844482 0.409668 0.0688477 0.110352 0.563026
2 0.985107 0.467285 0.0288086 0.0693359 0.61668
0 0.689697 0.447266 0.0336914 0.134766 0.683669
9 0.98291 0.134277 0.0341797 0.225586 0.686647
2 0.285156 0.443848 0.0283203 0.0400391 0.693877
9 0.858887 0.128418 0.0136719 0.0693359 0.757656
0 0.0612793 0.455566 0.0209961 0.124023 0.780121
0 0.882812 0.464355 0.0400391 0.18457 0.79053
0 0.937012 0.450195 0.0351562 0.199219 0.813268
2 0.365723 0.460449 0.101562 0.168945 0.837612
2 0.21875 0.455566 0.0761719 0.125977 0.842657
