2 0.534668 0.423828 0.0214844 0.0214844 0.25307
2 0.514893 0.429199 0.0219727 0.0302734 0.281677
2 0.453369 0.425293 0.0219727 0.0263672 0.369378
2 0.473389 0.428223 0.0209961 0.0283203 0.40044
2 0.430176 0.430176 0.0273438 0.0341797 0.588503
2 0.492188 0.433105 0.0361328 0.0361328 0.615614
2 0.343994 0.44043 0.0356445 0.0449219 0.625325
2 0.612549 0.431152 0.0180664 0.0283203 0.639513
2 0.313721 0.442383 0.0297852 0.0527344 0.653712
2 0.249756 0.452148 0.117676 0.0742188 0.770358
2 0.562744 0.447754 0.0483398 0.0771484 0.799064
2 0.390625 0.455566 0.0703125 0.100586 0.801945
2 0.117432 0.461426 0.143066 0.112305 0.903759
