2 0.55957 0.450684 0.0205078 0.0400391 0.203285
0 0.102539 0.420898 0.0175781 0.0683594 0.205369
7 0.655029 0.403809 0.0610352 0.0927734 0.215782
26 0.848389 0.547363 0.0200195 0.0693359 0.235598
2 0.500977 0.441895 0.0214844 0.0537109 0.258364
2 0.52124 0.454102 0.019043 0.0292969 0.30745
0 0.182373 0.41748 0.0151367 0.0654297 0.3571
0 0.102783 0.469727 0.0249023 0.173828 0.370005
2 0.541016 0.453125 0.0214844 0.0332031 0.384665
0 0.395996 0.47168 0.0361328 0.140625 0.430701
2 0.964844 0.67041 0.0693359 0.477539 0.622253
0 0.158447 0.45459 0.0268555 0.15918 0.643454
0 0.133789 0.458008 0.0283203 0.167969 0.694438
2 0.461914 0.46875 0.0634766 0.0917969 0.698428
0 0.30127 0.452148 0.0546875 0.369141 0.749756
0 0.583252 0.478516 0.043457 0.185547 0.789281
0 0.629395 0.476562 0.0283203 0.189453 0.805306
0 0.874023 0.515625 0.0537109 0.224609 0.811859
2 0.961182 0.526855 0.0776367 0.227539 0.812787
2 0.692627 0.488281 0.0942383 0.134766 0.844648
