0 0.976318 0.39209 0.0180664 0.0556641 0.214441
0 0.955811 0.404785 0.0161133 0.0771484 0.21559
9 0.815918 0.325684 0.015625 0.0498047 0.242465
9 0.412354 0.134277 0.00927734 0.0361328 0.245426
0 0.772705 0.427734 0.0170898 0.0839844 0.246356
2 0.311768 0.441406 0.0307617 0.0664062 0.265168
0 0.400635 0.467773 0.0327148 0.134766 0.299252
0 0.815674 0.439453 0.019043 0.111328 0.313528
0 0.93457 0.435059 0.0263672 0.145508 0.382404
0 0.904785 0.422363 0.0214844 0.124023 0.393484
9 0.29248 0.309082 0.0273438 0.0576172 0.401512
0 0.840332 0.439941 0.0205078 0.12207 0.416982
0 0.883545 0.433105 0.0229492 0.114258 0.465205
0 0.859375 0.440918 0.0234375 0.12207 0.541195
2 0.36084 0.439941 0.046875 0.0966797 0.59871
2 0.0505371 0.45166 0.0668945 0.0517578 0.657413
0 0.791504 0.450684 0.0244141 0.114258 0.670262
5 0.695801 0.348145 0.119141 0.163086 0.722573
9 0.460205 0.144531 0.0180664 0.0761719 0.73101
2 0.158447 0.459961 0.119629 0.146484 0.739523
5 0.504883 0.331543 0.149414 0.290039 0.811807
2 0.496582 0.514648 0.161133 0.261719 0.83632
2 0.693115 0.484375 0.140137 0.1875 0.901882
