0 0.965332 0.382812 0.0517578 0.128906 0.213468
0 0.010498 0.73584 0.0200195 0.331055 0.223888
0 0.564941 0.43457 0.0458984 0.111328 0.24047
0 0.676514 0.45166 0.0317383 0.192383 0.277791
25 0.374512 0.36377 0.0644531 0.0478516 0.29264
0 0.45752 0.447754 0.0214844 0.161133 0.33374
0 0.828125 0.411621 0.015625 0.0849609 0.362809
0 0.468994 0.453125 0.034668 0.167969 0.371522
0 0.391113 0.438477 0.0224609 0.154297 0.376034
0 0.937012 0.390137 0.0253906 0.12793 0.412343
0 0.547119 0.437988 0.0219727 0.149414 0.427791
26 0.0688477 0.474121 0.0546875 0.166992 0.439343
24 0.0690918 0.478027 0.0600586 0.174805 0.441317
74 0.544189 0.234863 0.0258789 0.0537109 0.443027
0 0.49292 0.445801 0.0249023 0.168945 0.46117
0 0.373535 0.446289 0.0283203 0.15625 0.501384
0 0.578613 0.431641 0.0205078 0.103516 0.548801
0 0.636719 0.42627 0.0302734 0.174805 0.551644
0 0.431641 0.451172 0.0302734 0.179688 0.552395
0 0.520752 0.436523 0.0297852 0.162109 0.555055
0 0.950928 0.382812 0.0209961 0.128906 0.557206
0 0.983643 0.381348 0.0239258 0.131836 0.58134
0 0.240479 0.438965 0.0239258 0.137695 0.653018
0 0.796875 0.48291 0.0439453 0.28418 0.653677
0 0.659912 0.456055 0.0288086 0.197266 0.655272
0 0.345703 0.463867 0.0302734 0.173828 0.664646
0 0.759033 0.47168 0.0444336 0.314453 0.722953
0 0.860352 0.390137 0.0263672 0.137695 0.751621
0 0.30957 0.459473 0.0332031 0.163086 0.806222
0 0.717773 0.436035 0.0449219 0.250977 0.815583
0 0.0932617 0.568848 0.0966797 0.52832 0.844385
0 0.197266 0.537109 0.0712891 0.519531 0.893268
