0 0.230713 0.446289 0.0385742 0.0625 0.204861
2 0.234131 0.518066 0.0727539 0.0869141 0.217605
2 0.516357 0.445312 0.0317383 0.0605469 0.272085
0 0.23999 0.447754 0.0170898 0.0693359 0.406805
0 0.201172 0.439941 0.0166016 0.0537109 0.510028
0 0.477783 0.442383 0.0112305 0.0644531 0.527624
2 0.35791 0.444824 0.0869141 0.112305 0.529071
0 0.217041 0.445312 0.0180664 0.0605469 0.561954
2 0.532715 0.456543 0.0449219 0.0693359 0.576708
2 0.411377 0.436035 0.0454102 0.0693359 0.598999
2 0.0812988 0.544434 0.160645 0.206055 0.678967
2 0.164062 0.513672 0.174805 0.162109 0.744997
0 0.983398 0.400879 0.0332031 0.176758 0.749455
2 0.669678 0.523926 0.141113 0.24707 0.749923
2 0.606689 0.491211 0.065918 0.164062 0.755101
2 0.0356445 0.615234 0.0703125 0.169922 0.769091
0 0.450439 0.463867 0.0297852 0.15625 0.784421
2 0.818359 0.589844 0.291016 0.414062 0.880845
2 0.91748 0.720703 0.164062 0.533203 0.891291
