2 0.39209 0.428223 0.0107422 0.0517578 0.234732
2 0.54541 0.416504 0.0234375 0.0341797 0.236091
0 0.0717773 0.44043 0.0175781 0.0957031 0.259827
2 0.598389 0.416016 0.019043 0.0664062 0.345409
2 0.529053 0.406738 0.0180664 0.0322266 0.377987
2 0.456299 0.432617 0.0219727 0.0449219 0.407405
7 0.300537 0.371582 0.182129 0.331055 0.423212
2 0.554688 0.424316 0.0205078 0.0439453 0.432174
2 0.612793 0.427246 0.0302734 0.0966797 0.493172
1 0.10498 0.51416 0.0537109 0.116211 0.596974
2 0.57666 0.42627 0.0322266 0.0537109 0.687606
5 0.490479 0.390625 0.0512695 0.128906 0.699581
7 0.672852 0.400879 0.0996094 0.225586 0.717695
2 0.445068 0.435547 0.0395508 0.0449219 0.718868
2 0.0100098 0.588379 0.0200195 0.235352 0.744823
2 0.793701 0.499512 0.159668 0.250977 0.767165
2 0.719238 0.466309 0.0791016 0.166992 0.78895
2 0.190918 0.499023 0.149414 0.197266 0.870709
2 0.907959 0.538574 0.182129 0.413086 0.885168
