0 0.696777 0.44043 0.0224609 0.0976562 0.206907
0 0.720703 0.420898 0.0195312 0.0703125 0.244846
0 0.483154 0.433594 0.0180664 0.0429688 0.2713
2 0.504395 0.430664 0.0214844 0.0351562 0.299101
2 0.520264 0.430664 0.0200195 0.0390625 0.328471
0 0.740723 0.39209 0.0185547 0.0517578 0.34719
2 0.532471 0.439453 0.0327148 0.0546875 0.356645
0 0.674561 0.439941 0.0288086 0.106445 0.418923
2 0.57251 0.431641 0.0385742 0.0859375 0.421067
2 0.436768 0.428711 0.034668 0.0605469 0.47124
2 0.387695 0.437988 0.0546875 0.0986328 0.525195
0 0.415771 0.444336 0.0209961 0.111328 0.548895
2 0.543945 0.437012 0.0341797 0.0615234 0.555745
2 0.316895 0.456055 0.104492 0.125 0.639841
2 0.229492 0.470215 0.167969 0.151367 0.693952
2 0.61084 0.461914 0.100586 0.144531 0.831806
2 0.0439453 0.579102 0.0869141 0.232422 0.839293
2 0.766602 0.521973 0.161133 0.241211 0.862001
2 0.866455 0.628906 0.26416 0.519531 0.878036
2 0.130127 0.498047 0.253418 0.238281 0.879155
