2 0.456787 0.441895 0.0180664 0.0341797 0.312285
2 0.542725 0.432617 0.0209961 0.0351562 0.389168
2 0.357666 0.458984 0.0805664 0.0820312 0.417047
2 0.833008 0.504883 0.165039 0.214844 0.429786
2 0.476807 0.435547 0.019043 0.0234375 0.458529
2 0.517578 0.420898 0.0175781 0.0332031 0.464786
2 0.709473 0.470215 0.0722656 0.124023 0.578222
2 0.563721 0.44043 0.0239258 0.0429688 0.654085
2 0.317627 0.467773 0.0834961 0.0917969 0.665856
2 0.766113 0.484375 0.147461 0.216797 0.685353
2 0.598633 0.452637 0.046875 0.0693359 0.71308
2 0.258789 0.473633 0.0908203 0.128906 0.729061
2 0.656494 0.461426 0.0678711 0.114258 0.735109
2 0.435303 0.440918 0.0415039 0.0419922 0.755688
2 0.386719 0.452148 0.0615234 0.078125 0.795288
2 0.905762 0.574707 0.188477 0.37207 0.844334
2 0.138184 0.49707 0.200195 0.236328 0.881395
