0 0.635986 0.431152 0.0424805 0.0947266 0.204498
0 0.663818 0.455566 0.059082 0.110352 0.222997
0 0.917725 0.442383 0.0541992 0.105469 0.2244
0 0.773193 0.445801 0.0161133 0.0615234 0.228413
0 0.221924 0.462891 0.0249023 0.0976562 0.230418
0 0.717773 0.445312 0.03125 0.103516 0.230448
0 0.0783691 0.460938 0.0219727 0.119141 0.243919
1 0.695312 0.458008 0.0341797 0.105469 0.244003
1 0.618652 0.456543 0.0273438 0.114258 0.249529
0 0.254395 0.452148 0.0214844 0.121094 0.254811
0 0.244873 0.447266 0.0200195 0.117188 0.257831
0 0.609375 0.449707 0.0458984 0.112305 0.264181
0 0.149414 0.445312 0.0234375 0.140625 0.282409
0 0.493408 0.455078 0.0209961 0.0859375 0.282938
0 0.733643 0.446289 0.0249023 0.0859375 0.283585
0 0.741455 0.446289 0.0180664 0.0800781 0.284722
1 0.688232 0.467773 0.0708008 0.0898438 0.29225
0 0.59668 0.441406 0.0273438 0.125 0.317039
0 0.754883 0.445801 0.0126953 0.0673828 0.318262
0 0.577148 0.40332 0.0224609 0.0898438 0.339258
0 0.669922 0.4375 0.0322266 0.123047 0.348725
0 0.622803 0.442383 0.0229492 0.0996094 0.357421
0 0.319336 0.451172 0.0292969 0.136719 0.3616
0 0.364746 0.442871 0.0234375 0.141602 0.372017
0 0.0422363 0.456055 0.0180664 0.101562 0.375275
2 0.902832 0.441406 0.0644531 0.101562 0.391563
0 0.790527 0.450195 0.0166016 0.0859375 0.399563
0 0.522217 0.432129 0.0249023 0.102539 0.409271
0 0.400146 0.440918 0.0268555 0.133789 0.409552
1 0.604492 0.463379 0.0449219 0.104492 0.413087
1 0.658691 0.462891 0.0478516 0.0957031 0.443037
0 0.861328 0.444824 0.0224609 0.108398 0.444644
1 0.542969 0.473633 0.0791016 0.09375 0.453651
0 0.828369 0.45166 0.0180664 0.0888672 0.458268
0 0.449463 0.441406 0.0317383 0.138672 0.47191
0 0.549561 0.417969 0.0336914 0.121094 0.484864
0 0.702393 0.4375 0.0375977 0.134766 0.508529
0 0.201416 0.459473 0.0180664 0.112305 0.523968
0 0.289795 0.455078 0.0249023 0.136719 0.530286
0 0.0209961 0.455566 0.0185547 0.110352 0.560399
0 0.343262 0.449707 0.0234375 0.143555 0.598811
0 0.962891 0.437988 0.0205078 0.0947266 0.640189
0 0.933105 0.441406 0.0244141 0.113281 0.648266
0 0.990234 0.441406 0.0175781 0.0878906 0.650303
0 0.105713 0.45166 0.0288086 0.15332 0.688477
0 0.128906 0.449219 0.0263672 0.15625 0.705607
