2 0.465576 0.455566 0.0336914 0.0380859 0.214325
0 0.437988 0.483398 0.0126953 0.0605469 0.328314
2 0.366211 0.484863 0.0625 0.0654297 0.349791
2 0.282715 0.50293 0.0341797 0.111328 0.358015
2 0.356201 0.486816 0.0249023 0.0693359 0.417823
7 0.505615 0.448242 0.0512695 0.117188 0.449314
2 0.416748 0.473145 0.0258789 0.0478516 0.463439
2 0.505859 0.451172 0.0537109 0.119141 0.489931
2 0.343262 0.486816 0.0341797 0.0732422 0.529631
2 0.384766 0.481445 0.0332031 0.0585938 0.653389
2 0.525146 0.521484 0.0825195 0.169922 0.746794
2 0.320801 0.494141 0.0537109 0.0859375 0.763861
0 0.591797 0.517578 0.0703125 0.259766 0.814512
2 0.208008 0.500488 0.143555 0.188477 0.849908
