2 0.458984 0.438477 0.0244141 0.0371094 0.200393
2 0.730957 0.503418 0.109375 0.264648 0.208306
2 0.440918 0.433594 0.0195312 0.0410156 0.21668
2 0.468018 0.436523 0.0307617 0.03125 0.274612
2 0.477295 0.433594 0.019043 0.0273438 0.323356
2 0.435303 0.443359 0.0249023 0.0507812 0.469569
7 0.112793 0.475098 0.223633 0.350586 0.477375
2 0.560059 0.433594 0.0302734 0.0800781 0.554637
2 0.514648 0.431641 0.0195312 0.0234375 0.593285
2 0.112305 0.463867 0.224609 0.320312 0.653501
2 0.592773 0.439941 0.046875 0.0986328 0.670933
2 0.225342 0.472168 0.0249023 0.0830078 0.671319
2 0.406006 0.446289 0.0336914 0.0664062 0.733292
2 0.934814 0.459473 0.0932617 0.114258 0.78856
0 0.307861 0.472656 0.0258789 0.183594 0.813995
2 0.361572 0.456543 0.0600586 0.0751953 0.814447
0 0.273682 0.47168 0.0336914 0.195312 0.821867
2 0.668213 0.494141 0.101074 0.201172 0.852024
2 0.796143 0.52002 0.23584 0.311523 0.859019
