0 0.145996 0.416992 0.0322266 0.0761719 0.215385
0 0.704834 0.408203 0.0756836 0.0839844 0.267212
43 0.285156 0.73291 0.0878906 0.125977 0.2677
0 0.729248 0.416992 0.0112305 0.0664062 0.31087
0 0.196533 0.438477 0.0141602 0.0488281 0.362316
1 0.154297 0.504883 0.0341797 0.109375 0.425823
0 0.571045 0.429688 0.0151367 0.0703125 0.455766
0 0.151611 0.466797 0.0375977 0.175781 0.532873
0 0.7146 0.409668 0.0151367 0.0771484 0.57025
0 0.594238 0.426758 0.0146484 0.0859375 0.626885
5 0.687744 0.395508 0.185059 0.113281 0.67013
5 0.412354 0.386719 0.0766602 0.15625 0.896421
