0 0.551758 0.485352 0.0126953 0.0585938 0.210563
9 0.82959 0.274414 0.0185547 0.09375 0.215799
2 0.482178 0.478516 0.012207 0.0390625 0.249071
0 0.80957 0.436523 0.0205078 0.0859375 0.259355
0 0.481934 0.478516 0.0117188 0.0390625 0.285342
0 0.992432 0.594238 0.0151367 0.362305 0.314878
9 0.767334 0.323242 0.019043 0.0585938 0.322143
2 0.49585 0.476074 0.0209961 0.0322266 0.339388
2 0.455566 0.472656 0.0273438 0.0390625 0.350894
0 0.65625 0.472656 0.0146484 0.0820312 0.369625
9 0.748047 0.320801 0.0136719 0.0517578 0.380359
2 0.525391 0.477539 0.03125 0.0585938 0.489771
0 0.594727 0.470703 0.0126953 0.0761719 0.507608
0 0.624756 0.470215 0.0131836 0.0732422 0.538653
9 0.96875 0.189453 0.0419922 0.150391 0.582971
2 0.435303 0.477051 0.0541992 0.0498047 0.64769
0 0.856201 0.447754 0.0473633 0.241211 0.72114
1 0.855713 0.51709 0.0483398 0.139648 0.75384
9 0.928955 0.214844 0.0229492 0.101562 0.796112
2 0.258057 0.493652 0.118652 0.129883 0.818306
2 0.11499 0.620605 0.229004 0.520508 0.901587
