0 0.714111 0.411133 0.0141602 0.0605469 0.244895
0 0.70874 0.413086 0.0141602 0.0664062 0.245371
0 0.600342 0.414551 0.0131836 0.0615234 0.441333
0 0.663086 0.415039 0.0126953 0.0605469 0.497314
0 0.680664 0.415039 0.0117188 0.0683594 0.498645
0 0.754395 0.417969 0.0205078 0.123047 0.503621
2 0.43335 0.393066 0.0385742 0.0830078 0.51699
7 0.433838 0.394043 0.0375977 0.0869141 0.527214
2 0.220947 0.386719 0.158691 0.283203 0.569245
2 0.392822 0.392578 0.0249023 0.0488281 0.660194
2 0.474365 0.412109 0.0375977 0.0605469 0.669601
0 0.630859 0.428711 0.015625 0.09375 0.675855
2 0.36792 0.394531 0.034668 0.0605469 0.689735
7 0.22168 0.389648 0.158203 0.28125 0.780534
0 0.776611 0.41748 0.0209961 0.124023 0.790576
0 0.814941 0.418457 0.0214844 0.118164 0.798919
2 0.324219 0.432617 0.0712891 0.107422 0.811238
2 0.533936 0.460938 0.0922852 0.164062 0.865295
2 0.13916 0.561035 0.276367 0.512695 0.876002
