2 0.60791 0.443359 0.0224609 0.0292969 0.228492
2 0.517822 0.461914 0.0366211 0.0703125 0.236719
2 0.656982 0.445801 0.0239258 0.0400391 0.299644
2 0.848877 0.528809 0.0581055 0.325195 0.312818
2 0.618408 0.442871 0.0288086 0.0263672 0.348698
2 0.669922 0.442871 0.0341797 0.0576172 0.356391
0 0.137939 0.420898 0.0180664 0.0722656 0.383552
2 0.932129 0.602051 0.135742 0.313477 0.391659
2 0.582275 0.447754 0.0229492 0.0517578 0.424152
2 0.713867 0.461426 0.0703125 0.104492 0.425394
2 0.568848 0.448242 0.0253906 0.0605469 0.459981
2 0.862061 0.584961 0.26416 0.296875 0.489128
2 0.555664 0.45166 0.0273438 0.0634766 0.531058
2 0.691406 0.448242 0.0517578 0.0761719 0.601812
0 0.849609 0.522461 0.0537109 0.34375 0.639627
2 0.47876 0.463867 0.050293 0.107422 0.655042
2 0.534424 0.462891 0.0356445 0.0683594 0.661827
2 0.443604 0.476562 0.0620117 0.125 0.69061
0 0.965088 0.414551 0.059082 0.15918 0.71165
2 0.744629 0.474609 0.116211 0.125 0.726745
2 0.495117 0.459473 0.0410156 0.0986328 0.732749
2 0.396484 0.489258 0.0732422 0.142578 0.740821
2 0.342773 0.49707 0.0751953 0.177734 0.769159
2 0.236084 0.542969 0.215332 0.275391 0.859673
2 0.079834 0.562012 0.157715 0.358398 0.870609
