0 0.758545 0.438965 0.0180664 0.0927734 0.200379
0 0.955078 0.498535 0.0351562 0.143555 0.206277
1 0.776855 0.484375 0.0292969 0.0820312 0.249336
0 0.817871 0.474121 0.0341797 0.114258 0.251771
3 0.776855 0.484863 0.0292969 0.0810547 0.269869
2 0.40625 0.458984 0.0273438 0.0273438 0.314512
2 0.42749 0.453613 0.0170898 0.0263672 0.330059
2 0.418213 0.456055 0.0258789 0.0273438 0.336734
2 0.393799 0.459473 0.0258789 0.0322266 0.341982
0 0.736572 0.446289 0.019043 0.0898438 0.386191
2 0.60791 0.476562 0.0332031 0.105469 0.479125
0 0.770264 0.424805 0.0288086 0.109375 0.495779
1 0.956299 0.54248 0.034668 0.104492 0.573268
2 0.257568 0.476562 0.0532227 0.09375 0.707222
2 0.36499 0.458496 0.0366211 0.0458984 0.726207
2 0.594238 0.459961 0.0439453 0.0878906 0.760334
2 0.296631 0.475098 0.0366211 0.0732422 0.773803
2 0.218506 0.484375 0.0639648 0.111328 0.781555
2 0.467773 0.447754 0.0292969 0.0419922 0.78271
2 0.675537 0.473633 0.115723 0.173828 0.827065
2 0.520752 0.474121 0.065918 0.106445 0.865542
2 0.102051 0.544922 0.202148 0.269531 0.91467
