2 0.443848 0.432129 0.0292969 0.0576172 0.285034
2 0.56958 0.434082 0.0219727 0.0400391 0.289277
2 0.588135 0.44043 0.034668 0.0644531 0.298279
2 0.661865 0.457031 0.0708008 0.117188 0.415642
2 0.519775 0.431152 0.0200195 0.0302734 0.506547
2 0.545898 0.424805 0.0273438 0.0332031 0.538323
2 0.630371 0.44873 0.046875 0.0947266 0.584196
2 0.576904 0.438477 0.0219727 0.0527344 0.603833
2 0.603027 0.444336 0.0283203 0.0761719 0.628815
2 0.421143 0.435547 0.050293 0.0683594 0.672895
2 0.478271 0.428223 0.0532227 0.0556641 0.706858
2 0.710693 0.478027 0.126465 0.166992 0.743933
2 0.943115 0.584961 0.11377 0.21875 0.747031
2 0.817383 0.481445 0.124023 0.158203 0.763421
2 0.892578 0.518066 0.214844 0.280273 0.897107
5 0.291504 0.418457 0.208008 0.217773 0.925273
