2 0.491943 0.415527 0.0180664 0.0205078 0.258862
2 0.544678 0.427246 0.0170898 0.0302734 0.298247
2 0.438965 0.419922 0.0166016 0.0195312 0.324718
2 0.0361328 0.411133 0.0585938 0.046875 0.503388
2 0.582031 0.447266 0.0351562 0.0820312 0.562168
2 0.641357 0.473145 0.0600586 0.141602 0.641053
2 0.523193 0.436523 0.0239258 0.0410156 0.686616
2 0.604492 0.456543 0.0439453 0.0947266 0.726095
2 0.691162 0.476562 0.0737305 0.197266 0.77254
2 0.776855 0.501465 0.1875 0.274414 0.894694
2 0.883789 0.59668 0.229492 0.396484 0.928757
