1 0.060791 0.524414 0.0727539 0.138672 0.203613
0 0.273193 0.431152 0.0151367 0.0537109 0.211752
1 0.289062 0.48584 0.0380859 0.0791016 0.214601
2 0.598877 0.391113 0.027832 0.0439453 0.217464
1 0.303955 0.482422 0.0288086 0.0800781 0.283276
2 0.831299 0.418945 0.0356445 0.0859375 0.300533
0 0.371094 0.44873 0.0146484 0.0908203 0.397086
2 0.536377 0.431152 0.0981445 0.256836 0.39908
7 0.534912 0.429199 0.0961914 0.254883 0.405667
2 0.469727 0.430664 0.0361328 0.0546875 0.46112
9 0.648926 0.334473 0.0078125 0.0224609 0.50494
9 0.557861 0.214355 0.0102539 0.0498047 0.522623
2 0.453125 0.432617 0.0498047 0.0546875 0.529116
5 0.535889 0.428711 0.097168 0.253906 0.531174
0 0.972412 0.446289 0.0395508 0.201172 0.78833
2 0.612793 0.450195 0.0595703 0.0957031 0.828968
2 0.714111 0.488281 0.149902 0.228516 0.88033
