2 0.438965 0.421387 0.0175781 0.0283203 0.203565
2 0.593994 0.42627 0.0170898 0.0419922 0.238606
2 0.578125 0.435059 0.0195312 0.0615234 0.256599
9 0.594482 0.383789 0.00927734 0.0214844 0.296398
9 0.551025 0.338867 0.00634766 0.0195312 0.357236
2 0.36499 0.436523 0.019043 0.0214844 0.399358
9 0.513184 0.334473 0.00585938 0.0185547 0.435287
2 0.544434 0.433105 0.0263672 0.0439453 0.500388
2 0.389893 0.422852 0.0258789 0.0507812 0.507766
2 0.461182 0.433105 0.0444336 0.0556641 0.695152
2 0.315186 0.441895 0.0385742 0.0537109 0.726689
2 0.513428 0.441406 0.050293 0.0820312 0.770405
2 0.168213 0.543457 0.334473 0.422852 0.880235
