2 0.492188 0.419434 0.0371094 0.0927734 0.293483
1 0.615723 0.457031 0.0244141 0.111328 0.332723
2 0.527832 0.42627 0.0195312 0.0341797 0.345356
9 0.795654 0.243164 0.0239258 0.0507812 0.382514
0 0.645752 0.433594 0.0131836 0.0566406 0.429084
2 0.497803 0.44043 0.0249023 0.0527344 0.49613
2 0.367432 0.452637 0.147949 0.243164 0.621241
0 0.615967 0.442383 0.0258789 0.132812 0.660882
2 0.968018 0.768066 0.0629883 0.37793 0.741689
0 0.969238 0.428223 0.0400391 0.198242 0.800257
2 0.277588 0.458984 0.043457 0.113281 0.818918
2 0.465576 0.444336 0.0571289 0.0976562 0.826532
2 0.13623 0.489746 0.192383 0.229492 0.899045
