2 0.570312 0.446777 0.0283203 0.0615234 0.297483
9 0.762207 0.125488 0.0244141 0.120117 0.362856
2 0.466553 0.4375 0.0317383 0.0917969 0.375849
2 0.579834 0.439453 0.0415039 0.0800781 0.377713
2 0.495117 0.421875 0.0214844 0.046875 0.461845
2 0.177246 0.508301 0.25293 0.21582 0.565276
3 0.223145 0.587402 0.09375 0.272461 0.571582
2 0.278076 0.491211 0.0942383 0.173828 0.597029
2 0.326416 0.470215 0.0678711 0.141602 0.675518
2 0.426514 0.456543 0.0991211 0.139648 0.699146
2 0.536865 0.449707 0.034668 0.0458984 0.726826
2 0.731201 0.476074 0.0991211 0.166992 0.765699
2 0.880859 0.532715 0.211914 0.270508 0.893909
2 0.665771 0.52832 0.169434 0.222656 0.898225
