2 0.210449 0.448242 0.0605469 0.154297 0.276191
2 0.804688 0.40918 0.22168 0.480469 0.290446
2 0.556396 0.41748 0.0239258 0.0517578 0.301688
2 0.572266 0.419434 0.0283203 0.0595703 0.306546
0 0.245117 0.460938 0.0253906 0.175781 0.355763
7 0.802979 0.400391 0.239746 0.457031 0.469298
0 0.228516 0.461426 0.0341797 0.172852 0.545206
2 0.402832 0.4375 0.0361328 0.0644531 0.57701
2 0.583008 0.423828 0.03125 0.0722656 0.616523
2 0.41748 0.43457 0.0302734 0.0605469 0.637278
2 0.441162 0.424805 0.0258789 0.0644531 0.662229
0 0.262207 0.458496 0.0380859 0.188477 0.717669
2 0.538574 0.418457 0.0429688 0.0576172 0.730954
2 0.623535 0.427246 0.0595703 0.108398 0.744503
2 0.358154 0.450195 0.0629883 0.0957031 0.78473
2 0.10083 0.512695 0.200684 0.34375 0.867476
2 0.874023 0.570312 0.250977 0.482422 0.889066
