9 0.0756836 0.327148 0.0224609 0.09375 0.211291
9 0.566162 0.135254 0.0258789 0.0947266 0.225649
2 0.781494 0.422852 0.0200195 0.0449219 0.279172
9 0.813965 0.33252 0.0117188 0.0595703 0.328488
2 0.709473 0.413574 0.0234375 0.0341797 0.361323
0 0.532471 0.450195 0.0258789 0.0996094 0.578007
2 0.511719 0.459961 0.0351562 0.0761719 0.605058
2 0.610107 0.453125 0.0327148 0.0761719 0.709711
2 0.457764 0.455566 0.0766602 0.104492 0.790124
2 0.666016 0.455566 0.0986328 0.124023 0.823005
2 0.0605469 0.521484 0.121094 0.146484 0.893976
