2 0.41748 0.419922 0.0253906 0.0722656 0.219282
2 0.454102 0.40332 0.0507812 0.0566406 0.221373
2 0.568115 0.396484 0.034668 0.0527344 0.22334
0 0.684814 0.481934 0.147949 0.217773 0.240774
2 0.782471 0.434082 0.116699 0.15918 0.241801
2 0.496826 0.388672 0.0161133 0.0371094 0.265248
1 0.805908 0.452148 0.129395 0.132812 0.2665
2 0.293945 0.459473 0.046875 0.0908203 0.278174
2 0.556885 0.395996 0.0288086 0.0341797 0.287874
2 0.454346 0.404297 0.0229492 0.0566406 0.333729
1 0.835693 0.469727 0.0629883 0.109375 0.355563
1 0.866943 0.474121 0.0600586 0.12793 0.376318
0 0.224854 0.417969 0.019043 0.117188 0.378595
2 0.507812 0.390625 0.0175781 0.0292969 0.388855
2 0.404785 0.421875 0.0283203 0.078125 0.471541
2 0.584473 0.397949 0.0517578 0.0732422 0.476993
2 0.468994 0.39502 0.0258789 0.0537109 0.485167
2 0.595215 0.411133 0.0400391 0.0664062 0.495764
2 0.635986 0.421387 0.0737305 0.0830078 0.603647
1 0.893311 0.476562 0.0913086 0.144531 0.638378
2 0.380615 0.431152 0.0424805 0.108398 0.651472
1 0.979736 0.479492 0.0405273 0.158203 0.656167
2 0.434326 0.415039 0.034668 0.0703125 0.704386
0 0.695557 0.429199 0.0708008 0.270508 0.720306
1 0.686279 0.504395 0.162598 0.180664 0.763362
0 0.118896 0.40332 0.0229492 0.144531 0.78292
0 0.147705 0.398438 0.0249023 0.158203 0.804269
0 0.3396 0.466797 0.0717773 0.335938 0.844373
