2 0.187012 0.437988 0.0390625 0.0244141 0.221451
0 0.275879 0.437012 0.0146484 0.0732422 0.230858
0 0.657227 0.428711 0.0341797 0.128906 0.279541
0 0.258545 0.40918 0.0161133 0.107422 0.280775
5 0.154541 0.40332 0.123535 0.0957031 0.308068
3 0.608643 0.426758 0.0249023 0.0996094 0.338174
2 0.209229 0.436523 0.0463867 0.0273438 0.374485
0 0.286133 0.439941 0.0175781 0.0712891 0.398775
0 0.427246 0.4375 0.0175781 0.09375 0.432565
0 0.668945 0.429199 0.0273438 0.12207 0.471671
0 0.38916 0.436523 0.0195312 0.0957031 0.482854
0 0.609375 0.420898 0.0224609 0.105469 0.58034
0 0.412354 0.43457 0.019043 0.0996094 0.655255
0 0.79834 0.42334 0.0253906 0.118164 0.678498
0 0.370361 0.4375 0.019043 0.0957031 0.722219
2 0.979004 0.510742 0.0419922 0.126953 0.762175
2 0.060791 0.447754 0.0551758 0.0615234 0.776335
2 0.0168457 0.461914 0.0336914 0.15625 0.829165
2 0.88501 0.472656 0.163574 0.175781 0.864981
