2 0.00634766 0.550781 0.0126953 0.181641 0.222048
3 0.319092 0.449219 0.0561523 0.115234 0.230064
2 0.615234 0.456055 0.0234375 0.113281 0.25037
0 0.547607 0.436035 0.0141602 0.0751953 0.383018
2 0.57251 0.433105 0.0366211 0.0791016 0.392098
2 0.552246 0.435059 0.0244141 0.0771484 0.44794
2 0.416016 0.427246 0.0224609 0.0439453 0.462552
2 0.320801 0.447754 0.0605469 0.110352 0.505155
2 0.359619 0.443359 0.0307617 0.0800781 0.532894
2 0.602295 0.445801 0.0385742 0.110352 0.599753
2 0.585938 0.432617 0.0429688 0.0898438 0.626718
0 0.454102 0.441406 0.0214844 0.0996094 0.695245
2 0.382812 0.437988 0.0351562 0.0673828 0.748328
2 0.871338 0.487305 0.256348 0.378906 0.758355
2 0.500488 0.431641 0.0429688 0.0664062 0.774574
7 0.697266 0.384766 0.161133 0.357422 0.787916
2 0.949219 0.580566 0.0996094 0.31543 0.813663
2 0.218262 0.477539 0.135742 0.160156 0.836664
2 0.0864258 0.509277 0.170898 0.241211 0.908284
