2 0.465332 0.427734 0.0185547 0.0234375 0.230601
0 0.768311 0.37207 0.0170898 0.0449219 0.257842
2 0.520996 0.406738 0.0302734 0.0634766 0.318244
2 0.662842 0.45752 0.0874023 0.112305 0.430275
0 0.246338 0.44873 0.0209961 0.0947266 0.545232
2 0.57373 0.428223 0.0634766 0.0888672 0.574064
2 0.622314 0.445312 0.0620117 0.117188 0.633432
2 0.364258 0.446289 0.0419922 0.0878906 0.670603
2 0.836426 0.516113 0.289062 0.258789 0.736678
2 0.321533 0.455566 0.0688477 0.0947266 0.805556
2 0.104492 0.519043 0.112305 0.204102 0.809179
2 0.906006 0.570801 0.187988 0.368164 0.812478
2 0.509521 0.450684 0.0444336 0.0673828 0.825473
2 0.0339355 0.527832 0.065918 0.229492 0.848292
2 0.732666 0.479492 0.20459 0.171875 0.852426
2 0.194824 0.487305 0.117188 0.160156 0.883379
2 0.40918 0.459473 0.0654297 0.102539 0.886156
