0 0.857422 0.454102 0.015625 0.0800781 0.216505
2 0.209717 0.450195 0.0327148 0.0429688 0.223785
2 0.14624 0.45459 0.0327148 0.0537109 0.22582
1 0.720703 0.570801 0.0380859 0.186523 0.233785
2 0.0939941 0.458984 0.0493164 0.0527344 0.251236
1 0.294434 0.471191 0.0224609 0.0673828 0.263191
26 0.665771 0.477539 0.0532227 0.207031 0.284624
2 0.539062 0.457031 0.03125 0.0527344 0.310236
0 0.170166 0.459473 0.0268555 0.0791016 0.350405
2 0.353516 0.451172 0.0263672 0.0390625 0.350688
1 0.763916 0.720703 0.0795898 0.136719 0.449884
0 0.295654 0.464355 0.0209961 0.0830078 0.513629
2 0.115723 0.456055 0.0371094 0.0527344 0.559621
0 0.683105 0.539062 0.0878906 0.494141 0.66452
0 0.912598 0.44873 0.0253906 0.104492 0.666999
2 0.522461 0.458984 0.0634766 0.0546875 0.727954
5 0.436035 0.428223 0.119141 0.125977 0.785198
2 0.0463867 0.457031 0.0927734 0.0664062 0.814614
2 0.576416 0.455078 0.0375977 0.0546875 0.843292
0 0.80127 0.575684 0.147461 0.801758 0.869874
