2 0.442871 0.441895 0.0175781 0.0400391 0.260176
2 0.476807 0.42334 0.0151367 0.0205078 0.351157
2 0.465576 0.428223 0.0249023 0.0244141 0.355974
2 0.458984 0.432617 0.0195312 0.0292969 0.356748
2 0.383301 0.446777 0.0214844 0.0830078 0.40343
2 0.421875 0.446289 0.0332031 0.046875 0.467656
2 0.396729 0.447266 0.0268555 0.0625 0.474503
2 0.533447 0.422852 0.0200195 0.0292969 0.549918
2 0.40625 0.447754 0.0273438 0.0556641 0.575563
3 0.9646 0.570312 0.0708008 0.232422 0.588865
2 0.3396 0.46582 0.0395508 0.101562 0.591469
2 0.433105 0.443359 0.0283203 0.046875 0.637844
0 0.160156 0.461914 0.0283203 0.117188 0.656468
2 0.353516 0.450195 0.0605469 0.105469 0.71003
2 0.513428 0.437012 0.0239258 0.0439453 0.747314
2 0.292969 0.470215 0.0683594 0.143555 0.810498
2 0.217773 0.486816 0.102539 0.157227 0.856033
