2 0.533447 0.43457 0.0307617 0.0429688 0.215061
2 0.47876 0.452637 0.0151367 0.0517578 0.254222
0 0.892578 0.421387 0.015625 0.120117 0.319176
0 0.817627 0.364746 0.019043 0.0341797 0.319656
0 0.90918 0.437988 0.0244141 0.157227 0.330904
7 0.447266 0.455566 0.0644531 0.110352 0.35737
2 0.494873 0.444824 0.0268555 0.0458984 0.436408
2 0.57251 0.436035 0.0249023 0.0556641 0.437628
2 0.447021 0.457031 0.065918 0.109375 0.566373
2 0.598145 0.456543 0.0390625 0.0927734 0.589363
0 0.878662 0.41748 0.0249023 0.120117 0.627429
2 0.630127 0.467773 0.0620117 0.113281 0.786188
2 0.706543 0.476074 0.124023 0.223633 0.824085
2 0.245605 0.499023 0.267578 0.375 0.879259
2 0.791992 0.526367 0.217773 0.294922 0.889734
