2 0.794922 0.475098 0.0341797 0.112305 0.202432
1 0.0437012 0.564453 0.0444336 0.119141 0.209743
0 0.0166016 0.429199 0.0332031 0.157227 0.221587
9 0.0200195 0.328613 0.0205078 0.0732422 0.244607
0 0.391357 0.443848 0.0219727 0.0966797 0.249466
24 0.729736 0.464355 0.043457 0.125977 0.267853
0 0.407959 0.486328 0.0805664 0.0957031 0.281191
0 0.421143 0.446777 0.0424805 0.143555 0.365413
1 0.176514 0.472168 0.0463867 0.0810547 0.44743
24 0.493896 0.444336 0.0385742 0.0957031 0.473734
0 0.716064 0.499512 0.0805664 0.364258 0.502822
1 0.0314941 0.540039 0.0620117 0.171875 0.550069
1 0.408447 0.492676 0.0844727 0.0849609 0.647839
0 0.474365 0.49707 0.065918 0.316406 0.700981
0 0.681396 0.508301 0.0825195 0.366211 0.721992
0 0.0949707 0.512695 0.0756836 0.417969 0.731809
0 0.873291 0.481934 0.0678711 0.418945 0.761328
0 0.249268 0.51416 0.0708008 0.518555 0.765687
0 0.926514 0.487793 0.0776367 0.428711 0.816256
0 0.303467 0.525879 0.0620117 0.47168 0.863024
0 0.557129 0.498047 0.109375 0.449219 0.903413
