0 0.345703 0.439941 0.0126953 0.0634766 0.223748
0 0.536865 0.435547 0.0258789 0.0820312 0.230673
1 0.570312 0.496582 0.0576172 0.297852 0.2704
1 0.596924 0.524902 0.0229492 0.0791016 0.272898
7 0.154297 0.420898 0.206055 0.357422 0.333179
0 0.627197 0.433594 0.0151367 0.0800781 0.38617
2 0.460693 0.430176 0.0200195 0.0263672 0.403325
0 0.515625 0.436523 0.015625 0.0742188 0.412976
0 0.314209 0.442383 0.0161133 0.0839844 0.479735
0 0.401123 0.437012 0.012207 0.0439453 0.48356
2 0.48584 0.44043 0.0292969 0.0449219 0.56275
2 0.15332 0.42041 0.208008 0.352539 0.568193
0 0.575439 0.481934 0.0727539 0.297852 0.57841
1 0.574951 0.574707 0.0385742 0.176758 0.598895
2 0.0527344 0.523438 0.103516 0.291016 0.899435
0 0.794922 0.462402 0.0527344 0.249023 0.902018
0 0.881836 0.498535 0.0908203 0.393555 0.927579
