2 0.486816 0.462891 0.0234375 0.119141 0.213427
0 0.487061 0.45752 0.0219727 0.116211 0.236469
2 0.624023 0.452148 0.0390625 0.046875 0.394184
2 0.527588 0.449219 0.0405273 0.0429688 0.39649
2 0.606689 0.450195 0.0297852 0.0410156 0.438926
2 0.8479 0.502441 0.253418 0.204102 0.530854
2 0.565918 0.456055 0.0244141 0.0253906 0.541893
2 0.706543 0.484863 0.0683594 0.102539 0.579321
0 0.0107422 0.493652 0.0214844 0.188477 0.580512
2 0.668457 0.469238 0.0449219 0.0791016 0.589307
2 0.640625 0.458496 0.0449219 0.0556641 0.589637
2 0.514404 0.455078 0.0366211 0.0507812 0.593939
2 0.772949 0.474609 0.134766 0.128906 0.688902
2 0.252197 0.501953 0.065918 0.136719 0.72937
2 0.887451 0.581055 0.225098 0.306641 0.886631
2 0.132568 0.510742 0.186035 0.208984 0.887733
2 0.38916 0.479004 0.173828 0.0947266 0.896111
