0 0.750244 0.439453 0.0209961 0.177734 0.224354
0 0.70874 0.439941 0.0239258 0.133789 0.24372
2 0.515625 0.425781 0.0146484 0.0292969 0.33405
0 0.696777 0.433594 0.0361328 0.150391 0.338667
0 0.57959 0.428711 0.0136719 0.0859375 0.345101
5 0.0581055 0.234375 0.116211 0.164062 0.362953
0 0.344971 0.445801 0.0151367 0.0888672 0.375491
2 0.498535 0.42041 0.0205078 0.0458984 0.397675
5 0.465332 0.413086 0.0263672 0.0605469 0.403356
0 0.745117 0.464844 0.0214844 0.117188 0.403931
0 0.903809 0.423828 0.0302734 0.103516 0.413054
0 0.595459 0.427246 0.0141602 0.0869141 0.42172
0 0.991455 0.42627 0.0170898 0.147461 0.435257
0 0.719727 0.448242 0.0292969 0.121094 0.489508
0 0.672363 0.428223 0.0273438 0.186523 0.64748
5 0.434082 0.413574 0.0410156 0.0791016 0.655807
5 0.39502 0.404785 0.0410156 0.129883 0.696668
5 0.536377 0.397949 0.0336914 0.0986328 0.750086
0 0.640625 0.437012 0.0341797 0.170898 0.766829
5 0.339355 0.397461 0.0771484 0.173828 0.774529
5 0.0632324 0.367188 0.124512 0.439453 0.900286
5 0.212402 0.382812 0.188477 0.298828 0.917939
