2 0.346191 0.444824 0.0234375 0.0576172 0.206555
7 0.375 0.441406 0.0332031 0.0722656 0.24743
2 0.209473 0.448242 0.0205078 0.0371094 0.376658
2 0.542725 0.42627 0.0219727 0.0439453 0.377947
2 0.317383 0.447754 0.03125 0.0810547 0.418298
7 0.489014 0.396973 0.0463867 0.120117 0.554475
2 0.250244 0.45752 0.065918 0.0947266 0.620643
2 0.292236 0.451172 0.0405273 0.0820312 0.623837
9 0.140381 0.0864258 0.0180664 0.0751953 0.743486
2 0.180176 0.446777 0.0478516 0.0595703 0.75944
2 0.447021 0.432617 0.034668 0.0527344 0.779661
2 0.0258789 0.45459 0.0498047 0.0654297 0.782954
2 0.517334 0.4375 0.0375977 0.0605469 0.810571
