2 0.609863 0.450684 0.0380859 0.0634766 0.261944
2 0.0217285 0.45752 0.0415039 0.0380859 0.274827
2 0.594727 0.445312 0.0214844 0.0351562 0.300884
2 0.604004 0.445801 0.0292969 0.0400391 0.376306
2 0.0915527 0.450195 0.0307617 0.0332031 0.45456
2 0.49585 0.454102 0.0385742 0.0664062 0.474476
2 0.956787 0.510254 0.0864258 0.186523 0.504037
2 0.984131 0.562988 0.0307617 0.172852 0.585673
2 0.713867 0.460449 0.0527344 0.0849609 0.6621
2 0.544189 0.465332 0.0766602 0.145508 0.801802
2 0.648438 0.472168 0.0791016 0.106445 0.846782
2 0.377197 0.489746 0.124512 0.172852 0.889121
2 0.841553 0.550781 0.273926 0.316406 0.893439
