2 0.466309 0.423828 0.0244141 0.0390625 0.211884
0 0.839111 0.358887 0.0180664 0.0361328 0.217651
2 0.0454102 0.431641 0.0888672 0.121094 0.277027
2 0.107178 0.394531 0.0737305 0.0566406 0.297926
2 0.417969 0.435547 0.0292969 0.0605469 0.381179
2 0.429443 0.432617 0.0200195 0.0527344 0.388282
2 0.316895 0.452637 0.0419922 0.120117 0.451108
2 0.60498 0.43457 0.0322266 0.0976562 0.464059
2 0.453613 0.425293 0.0283203 0.0419922 0.464155
2 0.445068 0.427246 0.0268555 0.0517578 0.464501
2 0.628662 0.444824 0.0424805 0.0947266 0.557131
2 0.365234 0.444336 0.0429688 0.0917969 0.58143
1 0.565918 0.503418 0.03125 0.133789 0.627729
2 0.33374 0.441895 0.0512695 0.12207 0.628061
0 0.566406 0.437988 0.0488281 0.227539 0.700297
2 0.668457 0.460938 0.0664062 0.15625 0.714365
2 0.395264 0.439453 0.0327148 0.0761719 0.725811
2 0.761475 0.455078 0.156738 0.259766 0.73443
2 0.0571289 0.52002 0.113281 0.291992 0.812502
2 0.146729 0.48877 0.129395 0.206055 0.824999
2 0.261719 0.469238 0.12207 0.147461 0.856062
2 0.873291 0.540527 0.253418 0.331055 0.879957
