2 0.581299 0.450684 0.0161133 0.0537109 0.306657
2 0.334473 0.408203 0.0546875 0.0625 0.415
2 0.507324 0.449219 0.0185547 0.0273438 0.437457
2 0.625977 0.46582 0.0322266 0.0976562 0.440885
2 0.484619 0.44873 0.0268555 0.0341797 0.486996
2 0.443848 0.445801 0.0283203 0.0673828 0.541637
2 0.421387 0.454102 0.03125 0.0722656 0.630367
2 0.603516 0.460938 0.0302734 0.0742188 0.667245
2 0.305908 0.46875 0.0874023 0.140625 0.732622
2 0.398193 0.463379 0.0385742 0.0771484 0.744049
2 0.364014 0.467773 0.0473633 0.0878906 0.797243
0 0.0788574 0.455078 0.0415039 0.185547 0.798911
2 0.659912 0.476562 0.0717773 0.109375 0.802785
2 0.850098 0.537109 0.200195 0.283203 0.836779
2 0.736328 0.505859 0.116211 0.179688 0.846274
2 0.923096 0.59375 0.152832 0.416016 0.885139
2 0.165039 0.499512 0.179688 0.202148 0.899459
