9 0.769531 0.32959 0.015625 0.0419922 0.262617
2 0.441162 0.4375 0.0170898 0.0390625 0.27769
0 0.626221 0.423828 0.0112305 0.0429688 0.302955
0 0.155762 0.48877 0.0185547 0.0986328 0.326603
2 0.52002 0.431152 0.015625 0.0361328 0.348411
2 0.481201 0.426758 0.0229492 0.0253906 0.448096
9 0.909668 0.161133 0.0488281 0.119141 0.489655
2 0.39209 0.445801 0.0449219 0.0576172 0.519251
2 0.536133 0.431641 0.0341797 0.0410156 0.628576
2 0.36792 0.45166 0.0356445 0.0751953 0.646956
2 0.404297 0.44873 0.0234375 0.0537109 0.653204
2 0.429199 0.439453 0.0302734 0.0410156 0.685622
2 0.340088 0.455566 0.0493164 0.0830078 0.715174
2 0.305176 0.464844 0.0478516 0.09375 0.771977
2 0.239502 0.480469 0.104004 0.119141 0.875089
2 0.76001 0.524414 0.196777 0.236328 0.906308
