2 0.639648 0.443848 0.0351562 0.0341797 0.257502
2 0.762207 0.443848 0.0361328 0.0400391 0.319307
2 0.67041 0.442871 0.0361328 0.0322266 0.364532
2 0.711182 0.443848 0.0317383 0.0380859 0.372939
2 0.617432 0.445801 0.0307617 0.0283203 0.385951
2 0.0290527 0.414551 0.0219727 0.0263672 0.409234
3 0.546631 0.481934 0.0424805 0.0908203 0.459657
2 0.0512695 0.419922 0.0292969 0.0332031 0.47709
2 0.0861816 0.412109 0.0200195 0.03125 0.510469
2 0.00830078 0.414062 0.0166016 0.0253906 0.529679
0 0.540283 0.450684 0.0356445 0.133789 0.602108
0 0.92749 0.437012 0.0170898 0.0888672 0.720826
3 0.864746 0.54541 0.0966797 0.165039 0.745309
0 0.840576 0.476074 0.0795898 0.249023 0.767152
2 0.140869 0.427246 0.0620117 0.0595703 0.812997
2 0.296631 0.444336 0.0688477 0.0996094 0.860781
