2 0.460205 0.437012 0.0249023 0.0263672 0.406811
2 0.374512 0.428223 0.0732422 0.129883 0.455826
2 0.015625 0.556152 0.03125 0.307617 0.526849
1 0.961182 0.481934 0.074707 0.112305 0.548139
7 0.599365 0.457031 0.0620117 0.126953 0.548403
2 0.600342 0.45752 0.0620117 0.124023 0.598061
7 0.37207 0.428711 0.0722656 0.130859 0.67641
2 0.497803 0.474121 0.0600586 0.0888672 0.710336
2 0.534424 0.450195 0.0327148 0.0625 0.765189
2 0.268311 0.47998 0.0825195 0.12207 0.800779
2 0.113281 0.476562 0.207031 0.246094 0.817063
2 0.653076 0.466309 0.0463867 0.0849609 0.817309
2 0.329346 0.469238 0.0522461 0.0908203 0.847666
2 0.710693 0.480957 0.0844727 0.12207 0.872151
