2 0.580322 0.450684 0.019043 0.0361328 0.233003
2 0.520752 0.418945 0.0131836 0.0195312 0.276403
2 0.547852 0.429199 0.0185547 0.0302734 0.278523
2 0.155029 0.45752 0.0473633 0.0849609 0.370881
2 0.250244 0.447754 0.0522461 0.0849609 0.438321
2 0.655273 0.458984 0.046875 0.132812 0.490753
0 0.0656738 0.411621 0.0141602 0.0576172 0.608367
2 0.69043 0.461426 0.111328 0.149414 0.708838
2 0.358643 0.43457 0.0454102 0.046875 0.781911
2 0.293945 0.45459 0.0761719 0.0966797 0.796759
2 0.616943 0.447754 0.0561523 0.100586 0.808343
2 0.0239258 0.475098 0.046875 0.147461 0.837439
2 0.105957 0.472168 0.132812 0.114258 0.880121
