5 0.354736 0.411621 0.0336914 0.0654297 0.206941
5 0.425293 0.406738 0.0351562 0.0634766 0.318267
0 0.0217285 0.448242 0.019043 0.0722656 0.37954
9 0.500732 0.323242 0.00537109 0.0195312 0.38566
2 0.556396 0.414551 0.0307617 0.0615234 0.418864
2 0.199219 0.42627 0.0224609 0.0751953 0.448485
0 0.915283 0.422363 0.0151367 0.0986328 0.458342
2 0.483398 0.423828 0.0244141 0.03125 0.482635
0 0.867188 0.421387 0.0185547 0.0966797 0.521587
0 0.827393 0.412598 0.0141602 0.0771484 0.53189
0 0.840088 0.417969 0.0131836 0.0742188 0.595711
2 0.267578 0.431641 0.0419922 0.046875 0.604549
2 0.519775 0.424316 0.0229492 0.0380859 0.635802
5 0.614746 0.391113 0.0507812 0.133789 0.644032
2 0.22998 0.436523 0.03125 0.0488281 0.672464
2 0.668701 0.468262 0.0981445 0.135742 0.873367
5 0.104248 0.383301 0.16748 0.24707 0.910264
