2 0.189209 0.457031 0.0610352 0.0585938 0.233312
7 0.616455 0.399902 0.0483398 0.102539 0.263892
7 0.576904 0.399902 0.0375977 0.100586 0.347147
5 0.576172 0.397949 0.0371094 0.0966797 0.401448
2 0.160889 0.458496 0.0678711 0.0693359 0.448874
0 0.543701 0.425293 0.0141602 0.0654297 0.482842
2 0.35376 0.433594 0.0532227 0.0527344 0.590793
2 0.11084 0.463379 0.078125 0.0810547 0.635925
2 0.208252 0.458008 0.0415039 0.0488281 0.664539
2 0.654297 0.462891 0.0644531 0.148438 0.732133
2 0.0393066 0.479004 0.074707 0.0869141 0.822569
2 0.71167 0.473145 0.111816 0.186523 0.838656
2 0.832031 0.511719 0.202148 0.291016 0.883121
2 0.930176 0.543945 0.138672 0.427734 0.89043
