0 0.0341797 0.459961 0.0400391 0.0800781 0.216701
0 0.775391 0.505859 0.0478516 0.408203 0.344686
24 0.769043 0.415527 0.0634766 0.15332 0.386073
9 0.286133 0.0375977 0.0507812 0.0751953 0.515609
2 0.00854492 0.47168 0.0161133 0.0683594 0.517054
2 0.667236 0.449707 0.0639648 0.125977 0.654388
5 0.427246 0.412598 0.274414 0.18457 0.682268
9 0.242432 0.0644531 0.0366211 0.128906 0.716338
0 0.736328 0.505859 0.103516 0.458984 0.746189
0 0.253906 0.518066 0.112305 0.620117 0.844908
2 0.933105 0.453125 0.131836 0.119141 0.872176
0 0.600098 0.555664 0.103516 0.632812 0.879737
2 0.482666 0.455566 0.150879 0.0966797 0.887167
0 0.1521 0.561523 0.186035 0.697266 0.913919
