2 0.127686 0.439941 0.043457 0.0908203 0.210786
2 0.241699 0.402832 0.0380859 0.0537109 0.229892
7 0.302979 0.388184 0.0444336 0.0830078 0.246627
7 0.355469 0.405273 0.0537109 0.125 0.26383
2 0.22876 0.411621 0.0288086 0.0537109 0.295398
2 0.147949 0.437988 0.0380859 0.0830078 0.400009
2 0.215576 0.416992 0.0317383 0.0585938 0.402504
2 0.206299 0.40918 0.0405273 0.0800781 0.503487
2 0.0869141 0.45166 0.0507812 0.112305 0.538649
2 0.354492 0.412109 0.0527344 0.123047 0.589445
2 0.166504 0.429199 0.0390625 0.0771484 0.593083
0 0.721924 0.354004 0.0249023 0.108398 0.619722
2 0.191162 0.40918 0.0463867 0.0898438 0.635411
2 0.109863 0.440918 0.0566406 0.104492 0.667002
2 0.0390625 0.459961 0.0771484 0.15625 0.857372
2 0.406494 0.447266 0.10791 0.158203 0.858129
2 0.822998 0.476562 0.348145 0.253906 0.928148
