2 0.491943 0.46875 0.0249023 0.0585938 0.209972
2 0.580566 0.461914 0.0273438 0.0566406 0.251848
2 0.642822 0.47998 0.0463867 0.180664 0.392092
2 0.561035 0.460938 0.0205078 0.0332031 0.421687
2 0.469238 0.468262 0.0341797 0.0849609 0.518059
2 0.60791 0.467285 0.0302734 0.0712891 0.5426
2 0.685059 0.493652 0.0498047 0.151367 0.545509
0 0.641113 0.467773 0.0429688 0.1875 0.570783
2 0.455566 0.471191 0.0302734 0.0927734 0.574409
2 0.47998 0.46582 0.0273438 0.0722656 0.592089
2 0.413086 0.475098 0.0771484 0.178711 0.649259
2 0.503662 0.460938 0.0258789 0.046875 0.64973
2 0.184814 0.599609 0.242676 0.453125 0.770983
2 0.38208 0.498535 0.0698242 0.204102 0.788268
2 0.729004 0.507324 0.0976562 0.188477 0.792635
2 0.0568848 0.664062 0.111816 0.662109 0.799899
2 0.319336 0.526367 0.114258 0.283203 0.852268
2 0.830811 0.553711 0.223145 0.302734 0.870203
2 0.931885 0.602051 0.135254 0.397461 0.88772
