2 0.447266 0.431641 0.0205078 0.0429688 0.218239
2 0.430908 0.414062 0.0375977 0.09375 0.257455
7 0.426025 0.419434 0.0356445 0.0791016 0.277602
2 0.618408 0.433105 0.0639648 0.0673828 0.298292
2 0.468262 0.424805 0.0185547 0.03125 0.300787
2 0.583252 0.42334 0.0258789 0.0634766 0.419299
2 0.540771 0.416992 0.0170898 0.0410156 0.437518
2 0.453857 0.426758 0.0161133 0.0390625 0.492911
2 0.338623 0.448242 0.0463867 0.0976562 0.534659
2 0.418945 0.436523 0.03125 0.0566406 0.5402
2 0.564697 0.42041 0.0209961 0.0556641 0.574699
7 0.747314 0.418457 0.200684 0.295898 0.603392
2 0.293945 0.453613 0.0693359 0.12793 0.737992
2 0.249512 0.464355 0.0585938 0.149414 0.740122
2 0.131104 0.472168 0.20459 0.25293 0.871805
2 0.892822 0.495605 0.210449 0.24707 0.892587
