9 0.137939 0.313965 0.0249023 0.0654297 0.204321
2 0.343262 0.461426 0.0439453 0.0869141 0.209233
2 0.421387 0.444824 0.0488281 0.0732422 0.250844
2 0.500488 0.431641 0.0175781 0.0195312 0.555864
2 0.466064 0.432129 0.0258789 0.0302734 0.634085
2 0.382568 0.461426 0.0405273 0.0751953 0.640482
2 0.440674 0.439941 0.0317383 0.0478516 0.733507
2 0.570557 0.445312 0.043457 0.0488281 0.752466
0 0.415527 0.464844 0.0361328 0.171875 0.775433
0 0.524658 0.456055 0.0415039 0.167969 0.834073
2 0.262695 0.490234 0.208008 0.177734 0.860219
2 0.857666 0.522461 0.258301 0.304688 0.903889
2 0.111084 0.550781 0.218262 0.251953 0.91358
