2 0.436035 0.434082 0.0234375 0.0791016 0.250515
2 0.358887 0.40625 0.0292969 0.0292969 0.261223
43 0.240234 0.783691 0.126953 0.161133 0.304211
9 0.713867 0.349121 0.0078125 0.0361328 0.363046
9 0.374512 0.337891 0.0078125 0.0351562 0.377979
9 0.461426 0.240234 0.00878906 0.0410156 0.398321
2 0.595947 0.429688 0.0258789 0.0332031 0.497433
2 0.283691 0.414062 0.03125 0.0410156 0.562467
2 0.231445 0.414551 0.0263672 0.0380859 0.692934
2 0.984375 0.539551 0.0302734 0.170898 0.728123
2 0.635986 0.435547 0.0532227 0.0742188 0.783081
2 0.512451 0.430664 0.0424805 0.0742188 0.820112
2 0.927246 0.486328 0.144531 0.207031 0.834232
2 0.411621 0.438965 0.0693359 0.0908203 0.845126
