2 0.543213 0.448242 0.0200195 0.0566406 0.233483
2 0.417236 0.486328 0.132324 0.158203 0.255529
2 0.657227 0.453125 0.0205078 0.0644531 0.412225
2 0.530762 0.446777 0.0439453 0.0693359 0.417739
0 0.593018 0.441406 0.0102539 0.0566406 0.473055
2 0.510986 0.446289 0.0727539 0.078125 0.496911
2 0.400391 0.451172 0.201172 0.189453 0.57277
2 0.193115 0.506348 0.353027 0.307617 0.636204
2 0.34375 0.488281 0.196289 0.216797 0.643064
2 0.493896 0.465332 0.0610352 0.100586 0.686293
2 0.844971 0.508789 0.102051 0.185547 0.815978
2 0.125 0.608398 0.25 0.511719 0.823987
2 0.731201 0.51709 0.154785 0.291992 0.854311
2 0.916992 0.55957 0.164062 0.310547 0.874332
