2 0.507568 0.437988 0.0258789 0.0341797 0.263269
2 0.593018 0.448242 0.0258789 0.109375 0.265152
2 0.453857 0.450684 0.0297852 0.0537109 0.295755
2 0.438965 0.447266 0.0595703 0.078125 0.41473
2 0.956787 0.741699 0.0854492 0.467773 0.514908
2 0.408447 0.456543 0.0532227 0.0986328 0.521997
2 0.381592 0.464844 0.0854492 0.119141 0.617036
2 0.0964355 0.56543 0.192871 0.304688 0.627663
2 0.876465 0.54541 0.242188 0.530273 0.65381
2 0.288574 0.463379 0.197266 0.206055 0.679691
2 0.640137 0.460449 0.078125 0.149414 0.68501
2 0.763672 0.491699 0.15332 0.331055 0.693472
2 0.157959 0.521484 0.246582 0.246094 0.777186
2 0.674805 0.484863 0.0732422 0.145508 0.801272
2 0.543945 0.46582 0.0673828 0.115234 0.848229
