2 0.344238 0.456055 0.0302734 0.0625 0.202256
2 0.558594 0.418457 0.0205078 0.0380859 0.237789
2 0.565186 0.423828 0.0249023 0.0449219 0.286628
2 0.486328 0.431152 0.0185547 0.0302734 0.292057
2 0.622559 0.443848 0.0302734 0.0693359 0.316459
7 0.763184 0.468262 0.141602 0.18457 0.323844
2 0.5896 0.438477 0.0415039 0.0585938 0.343309
2 0.293701 0.469238 0.0307617 0.0732422 0.455812
2 0.353027 0.452148 0.0214844 0.0566406 0.464969
2 0.371094 0.449219 0.0283203 0.0488281 0.475368
2 0.476562 0.43457 0.0283203 0.0351562 0.534999
2 0.389893 0.43457 0.0258789 0.0644531 0.567485
7 0.679932 0.412598 0.116699 0.206055 0.600369
2 0.577637 0.436035 0.0263672 0.0537109 0.624989
2 0.603027 0.441895 0.0351562 0.0654297 0.682677
2 0.325684 0.456055 0.0478516 0.0800781 0.762775
2 0.943848 0.475586 0.110352 0.351562 0.80279
2 0.255127 0.478027 0.0786133 0.0830078 0.803545
2 0.42627 0.453125 0.0527344 0.0742188 0.817848
2 0.772949 0.478027 0.129883 0.176758 0.880901
