0 0.336426 0.405762 0.116211 0.229492 0.20681
2 0.555908 0.42041 0.0219727 0.0498047 0.267597
2 0.54126 0.40918 0.0141602 0.0253906 0.309654
2 0.545166 0.415039 0.0180664 0.0371094 0.338179
2 0.569336 0.423828 0.0263672 0.0664062 0.36753
2 0.592773 0.437988 0.0341797 0.0888672 0.378682
2 0.465332 0.411133 0.0205078 0.0253906 0.422349
2 0.494385 0.413086 0.0161133 0.0234375 0.468978
7 0.336182 0.412109 0.10498 0.228516 0.507209
2 0.442139 0.430176 0.0356445 0.0791016 0.519835
2 0.581055 0.429688 0.0341797 0.0761719 0.545953
2 0.335938 0.410645 0.105469 0.225586 0.591369
2 0.0217285 0.482422 0.0424805 0.130859 0.605222
2 0.620605 0.450195 0.0605469 0.126953 0.645005
2 0.727539 0.47168 0.102539 0.207031 0.723325
2 0.416992 0.443359 0.0644531 0.0917969 0.799875
2 0.669434 0.455566 0.0820312 0.15918 0.820725
2 0.82666 0.518066 0.224609 0.325195 0.851806
2 0.922119 0.556641 0.155762 0.457031 0.874589
2 0.169678 0.552734 0.327637 0.380859 0.914269
