0 0.351807 0.342285 0.0239258 0.0693359 0.201819
0 0.946289 0.335449 0.0371094 0.0693359 0.227091
0 0.414062 0.361816 0.0273438 0.112305 0.227307
2 0.927002 0.444336 0.14502 0.207031 0.232036
0 0.0812988 0.37207 0.0258789 0.144531 0.233088
2 0.900635 0.38623 0.0932617 0.0771484 0.249
0 0.359375 0.344727 0.015625 0.0605469 0.253426
0 0.936035 0.339844 0.0195312 0.0527344 0.316488
0 0.958984 0.332031 0.0234375 0.0800781 0.335415
0 0.339111 0.327148 0.0161133 0.0527344 0.348659
0 0.440674 0.390137 0.0307617 0.112305 0.359821
0 0.79126 0.296387 0.043457 0.0751953 0.362776
0 0.465088 0.365723 0.0268555 0.194336 0.423976
0 0.807617 0.307129 0.0410156 0.0888672 0.454911
0 0.842529 0.334961 0.0366211 0.136719 0.568866
0 0.390869 0.36084 0.0219727 0.108398 0.689263
0 0.482178 0.356445 0.0473633 0.232422 0.745646
2 0.719727 0.473633 0.478516 0.357422 0.876522
2 0.300293 0.552246 0.600586 0.633789 0.883794
