9 0.291504 0.144531 0.0175781 0.0664062 0.210383
2 0.428955 0.40332 0.027832 0.03125 0.330282
2 0.60791 0.408203 0.0292969 0.0371094 0.459906
2 0.643066 0.411133 0.0341797 0.0527344 0.475119
2 0.419678 0.405273 0.0229492 0.0371094 0.495069
2 0.455566 0.391602 0.0214844 0.0371094 0.564056
2 0.51709 0.405273 0.0253906 0.0390625 0.710139
0 0.0522461 0.428223 0.0214844 0.120117 0.769799
2 0.306152 0.432129 0.0488281 0.0751953 0.833642
2 0.378662 0.456543 0.0776367 0.125977 0.876443
2 0.227783 0.45752 0.116699 0.15332 0.905092
