2 0.569336 0.44873 0.0292969 0.0986328 0.204876
2 0.41626 0.428223 0.0200195 0.0517578 0.231002
0 0.691162 0.428223 0.0268555 0.180664 0.281394
2 0.430664 0.425293 0.0175781 0.0341797 0.335071
7 0.311035 0.445801 0.0771484 0.106445 0.370615
2 0.408203 0.430176 0.0224609 0.0595703 0.417634
2 0.643311 0.447754 0.0610352 0.129883 0.423703
2 0.590576 0.449219 0.0600586 0.115234 0.441217
0 0.640869 0.418457 0.0366211 0.157227 0.466251
2 0.384766 0.439941 0.0283203 0.0654297 0.476391
2 0.544678 0.432617 0.0258789 0.0585938 0.49457
2 0.523682 0.422363 0.0200195 0.0458984 0.497739
2 0.557373 0.436523 0.0288086 0.0703125 0.555836
2 0.455078 0.422852 0.0253906 0.0527344 0.558265
2 0.493164 0.428711 0.0292969 0.0410156 0.589878
1 0.186523 0.478516 0.0800781 0.101562 0.613171
2 0.308594 0.451172 0.0722656 0.101562 0.617721
0 0.108887 0.472168 0.0380859 0.211914 0.620425
1 0.789551 0.537598 0.0947266 0.19043 0.730881
