0 0.355225 0.435059 0.0307617 0.129883 0.234554
2 0.362549 0.431641 0.0581055 0.117188 0.272821
2 0.272461 0.39502 0.0654297 0.0595703 0.294938
2 0.559082 0.416016 0.0302734 0.0546875 0.369678
2 0.438721 0.416504 0.0170898 0.0302734 0.390153
2 0.423096 0.42334 0.0239258 0.0400391 0.55396
2 0.396729 0.433105 0.0356445 0.0771484 0.560409
2 0.335693 0.437012 0.0698242 0.149414 0.607185
2 0.377197 0.434082 0.0297852 0.0830078 0.626687
2 0.260254 0.458496 0.106445 0.182617 0.743859
2 0.189697 0.476074 0.117676 0.211914 0.797732
2 0.0803223 0.488281 0.159668 0.285156 0.896893
