2 0.00805664 0.464355 0.0161133 0.0263672 0.206418
9 0.829346 0.263184 0.0170898 0.0615234 0.228713
9 0.573975 0.344727 0.0141602 0.0546875 0.264132
24 0.667725 0.401367 0.0463867 0.105469 0.277574
9 0.826904 0.279785 0.0288086 0.0791016 0.296509
2 0.906494 0.479004 0.0454102 0.0673828 0.297157
2 0.211182 0.463379 0.0180664 0.0244141 0.402434
2 0.0297852 0.467773 0.0283203 0.0234375 0.421918
2 0.23291 0.460449 0.0224609 0.0244141 0.437922
9 0.718994 0.0473633 0.0229492 0.0693359 0.470846
0 0.760742 0.447266 0.0205078 0.0976562 0.688336
9 0.916748 0.249023 0.0258789 0.109375 0.691114
0 0.355225 0.466309 0.0180664 0.0986328 0.713588
1 0.651611 0.587402 0.0708008 0.213867 0.735995
0 0.65332 0.462891 0.0839844 0.296875 0.78418
2 0.268066 0.462402 0.0498047 0.0810547 0.804441
2 0.953125 0.458008 -0.09375 0.115234 0.817677
2 0.0739746 0.483887 0.074707 0.0849609 0.823663
