9 0.661377 0.330078 0.0161133 0.0625 0.20707
9 0.0192871 0.191895 0.034668 0.135742 0.230403
0 0.782715 0.449707 0.015625 0.0810547 0.232287
9 0.0488281 0.281738 0.0146484 0.0595703 0.252062
0 0.457764 0.342773 0.169434 0.46875 0.267044
0 0.994873 0.490723 0.0102539 0.157227 0.278894
0 0.695801 0.453613 0.0244141 0.12207 0.28452
0 0.67749 0.457031 0.0200195 0.134766 0.297705
9 0.0351562 0.275879 0.0195312 0.0498047 0.301383
2 0.0427246 0.408691 0.0366211 0.133789 0.326997
2 0.0163574 0.412109 0.0249023 0.046875 0.380187
0 0.72583 0.45166 0.0151367 0.0810547 0.383942
0 0.108154 0.408691 0.0170898 0.0869141 0.411234
2 0.636963 0.456543 0.0473633 0.0537109 0.415374
0 0.792236 0.450195 0.0161133 0.0820312 0.563082
0 0.704102 0.454102 0.0205078 0.128906 0.683598
0 0.0405273 0.409668 0.03125 0.129883 0.700606
0 0.894775 0.472656 0.019043 0.111328 0.72935
0 0.758545 0.46582 0.0258789 0.123047 0.774743
0 0.865967 0.469238 0.0209961 0.12207 0.797399
2 0.304688 0.443359 0.078125 0.169922 0.803972
2 0.362549 0.441895 0.0385742 0.0634766 0.804609
5 0.457031 0.344727 0.163086 0.439453 0.809542
2 0.199951 0.517578 0.228027 0.296875 0.908206
