2 0.446533 0.440918 0.0961914 0.198242 0.222412
0 0.333496 0.425293 0.0185547 0.0400391 0.254743
0 0.557129 0.443848 0.0126953 0.0380859 0.302868
2 0.64209 0.439453 0.0322266 0.0371094 0.397267
2 0.61792 0.442383 0.027832 0.0332031 0.469478
2 0.526611 0.463379 0.0288086 0.0556641 0.599371
2 0.50708 0.466309 0.0288086 0.0595703 0.615843
5 0.446777 0.438477 0.0996094 0.201172 0.651466
2 0.370117 0.484863 0.0566406 0.102539 0.76812
2 0.32666 0.495605 0.0732422 0.12207 0.796353
2 0.679443 0.479492 0.0512695 0.121094 0.801778
2 0.0253906 0.559082 0.0498047 0.268555 0.816749
2 0.261963 0.504395 0.0766602 0.15332 0.86169
2 0.123291 0.495117 0.211426 0.289062 0.865642
2 0.902832 0.570801 0.193359 0.438477 0.891751
2 0.765137 0.527344 0.15332 0.244141 0.900714
