0 0.4729 0.439941 0.0161133 0.0498047 0.219897
2 0.39624 0.439941 0.0708008 0.112305 0.279262
2 0.538574 0.421387 0.0205078 0.0224609 0.289626
2 0.44873 0.444824 0.0205078 0.0400391 0.292771
2 0.506592 0.460938 0.0366211 0.0605469 0.306078
2 0.67749 0.478516 0.0551758 0.09375 0.392163
2 0.608643 0.434082 0.034668 0.0615234 0.430008
2 0.713379 0.476562 0.0898438 0.126953 0.451967
2 0.517578 0.457031 0.0214844 0.0507812 0.506929
2 0.414062 0.455566 0.0498047 0.0830078 0.538675
2 0.268311 0.48877 0.148926 0.157227 0.554105
2 0.578369 0.436523 0.0297852 0.0507812 0.614474
0 0.496582 0.456055 0.0332031 0.205078 0.647233
2 0.306885 0.450195 0.215332 0.173828 0.654914
2 0.933594 0.592285 0.132812 0.25293 0.692165
2 0.1875 0.499512 0.198242 0.186523 0.711662
2 0.971924 0.625977 0.0561523 0.259766 0.729155
2 0.758789 0.487305 0.150391 0.146484 0.741554
2 0.870605 0.526855 0.25 0.245117 0.744491
2 0.649414 0.464355 0.0595703 0.0927734 0.78971
2 0.104492 0.536621 0.208008 0.260742 0.867629
