2 0.517578 0.387207 0.0302734 0.0205078 0.319721
2 0.493408 0.38916 0.0239258 0.0205078 0.355098
2 0.460449 0.388184 0.0195312 0.0341797 0.431517
2 0.441895 0.39502 0.0283203 0.0615234 0.462248
2 0.678711 0.450684 0.0585938 0.165039 0.584658
2 0.601562 0.414062 0.0253906 0.0859375 0.622917
2 0.577393 0.402344 0.027832 0.0664062 0.629418
2 0.629883 0.436523 0.0429688 0.121094 0.654933
2 0.318848 0.416992 0.12793 0.173828 0.663544
2 0.395996 0.394531 0.0546875 0.111328 0.742618
2 0.0344238 0.486328 0.0678711 0.414062 0.776938
2 0.125 0.442383 0.183594 0.304688 0.795763
2 0.840576 0.508789 0.228027 0.291016 0.806063
2 0.734863 0.471191 0.0996094 0.213867 0.85083
2 0.236328 0.433105 0.09375 0.208008 0.865693
2 0.919678 0.587402 0.160645 0.418945 0.878364
