2 0.562744 0.437012 0.0209961 0.0224609 0.216611
2 0.584229 0.436523 0.0161133 0.0195312 0.223874
13 0.0385742 0.503418 0.0585938 0.0576172 0.232699
2 0.597168 0.437012 0.0273438 0.0244141 0.236711
0 0.0170898 0.449707 0.0292969 0.0595703 0.27713
2 0.606201 0.442871 0.027832 0.0322266 0.297343
2 0.650391 0.459473 0.0537109 0.0732422 0.335334
2 0.616211 0.450684 0.0273438 0.0419922 0.361667
2 0.780762 0.51123 0.140625 0.219727 0.542872
2 0.441895 0.463379 0.0488281 0.0712891 0.56429
2 0.6875 0.462891 0.0966797 0.0898438 0.574372
2 0.63916 0.455078 0.0341797 0.0546875 0.592626
2 0.363281 0.464355 0.0830078 0.118164 0.60706
2 0.506348 0.444824 0.0351562 0.0654297 0.632362
0 0.804199 0.490723 0.0703125 0.303711 0.635262
2 0.468506 0.456543 0.0571289 0.0634766 0.650174
2 0.393799 0.461426 0.0825195 0.106445 0.670609
0 0.539062 0.453613 0.0380859 0.200195 0.739194
2 0.21875 0.494141 0.259766 0.166016 0.822151
2 0.958008 0.51123 0.0839844 0.290039 0.822677
2 0.903809 0.508789 0.117188 0.214844 0.830611
