2 0.476807 0.456543 0.0249023 0.0322266 0.433433
2 0.454834 0.463867 0.0209961 0.0488281 0.51694
2 0.553467 0.461914 0.0307617 0.0585938 0.532344
2 0.54541 0.453125 0.0283203 0.0488281 0.563143
2 0.412109 0.468262 0.0361328 0.0654297 0.601205
2 0.443115 0.466309 0.0317383 0.0537109 0.611948
2 0.612793 0.470703 0.0537109 0.117188 0.694667
7 0.296143 0.387695 0.200684 0.378906 0.69497
2 0.577637 0.467773 0.03125 0.0839844 0.746945
2 0.706299 0.503906 0.0932617 0.197266 0.787339
2 0.644531 0.481445 0.0664062 0.125 0.811698
2 0.208252 0.505859 0.189941 0.285156 0.866742
2 0.0878906 0.595215 0.175781 0.333008 0.908386
2 0.814941 0.531738 0.22168 0.282227 0.916008
