2 0.279541 0.438477 0.0375977 0.078125 0.401733
2 0.271729 0.458984 0.034668 0.0488281 0.506638
5 0.719238 0.335938 0.363281 0.650391 0.562998
7 0.721924 0.332031 0.365723 0.654297 0.649348
2 0.237061 0.470215 0.043457 0.0947266 0.7076
2 0.373779 0.451172 0.0297852 0.0371094 0.709595
9 0.108398 0.0351562 0.0244141 0.0644531 0.766328
2 0.433105 0.456055 0.0429688 0.0605469 0.81469
2 0.480225 0.469727 0.0551758 0.0820312 0.84547
2 0.31958 0.462891 0.0581055 0.103516 0.854194
2 0.118408 0.55957 0.234863 0.289062 0.892394
