0 0.398438 0.44043 0.00976562 0.0351562 0.214184
3 0.419678 0.443848 0.0229492 0.0595703 0.2217
2 0.516113 0.442871 0.0488281 0.0556641 0.224106
2 0.445801 0.437988 0.0273438 0.0361328 0.242708
0 0.420166 0.443848 0.0239258 0.0595703 0.248195
0 0.144775 0.440918 0.0161133 0.0693359 0.257509
2 0.431885 0.441895 0.0297852 0.0537109 0.262579
0 0.592041 0.444824 0.00927734 0.0458984 0.274627
2 0.453125 0.43457 0.0185547 0.0351562 0.311967
2 0.482666 0.44043 0.0131836 0.0253906 0.414998
0 0.370117 0.443359 0.0117188 0.0566406 0.428161
9 0.686279 0.219727 0.0180664 0.103516 0.474681
0 0.127197 0.458496 0.0219727 0.108398 0.581649
0 0.354492 0.44043 0.0146484 0.0664062 0.582213
2 0.51709 0.46582 0.0595703 0.0996094 0.699324
0 0.0109863 0.473633 0.0219727 0.15625 0.724432
2 0.275146 0.477539 0.0424805 0.109375 0.736703
2 0.310303 0.471191 0.0405273 0.0869141 0.777834
2 0.195801 0.483398 0.128906 0.154297 0.867011
2 0.685791 0.476074 0.111816 0.161133 0.878294
2 0.887451 0.58252 0.224121 0.452148 0.901302
