0 0.746338 0.426758 0.0454102 0.117188 0.265333
7 0.463867 0.456055 0.148438 0.3125 0.448384
2 0.545166 0.466309 0.0317383 0.116211 0.489326
5 0.464844 0.457031 0.145508 0.314453 0.50963
2 0.619385 0.444336 0.043457 0.0917969 0.66381
2 0.583984 0.4375 0.0332031 0.0644531 0.697239
2 0.77002 0.500977 0.124023 0.238281 0.71333
2 0.366455 0.460938 0.0395508 0.09375 0.773263
2 0.334961 0.467285 0.0390625 0.114258 0.799462
2 0.674316 0.453613 0.102539 0.163086 0.817041
2 0.876953 0.525879 0.21875 0.325195 0.835736
2 0.272705 0.460938 0.101074 0.193359 0.849609
2 0.925049 0.614746 0.148926 0.487305 0.859425
2 0.149902 0.489258 0.207031 0.251953 0.864235
