2 0.468506 0.446777 0.0131836 0.0185547 0.201564
2 0.0810547 0.474121 0.0761719 0.110352 0.213432
2 0.430908 0.446777 0.0170898 0.0244141 0.27683
2 0.512451 0.448242 0.0209961 0.0234375 0.56273
1 0.704834 0.513672 0.0297852 0.126953 0.56942
2 0.233887 0.443848 0.0771484 0.110352 0.642928
2 0.914551 0.535645 0.125977 0.12207 0.709316
0 0.800293 0.46875 0.0351562 0.203125 0.761487
2 0.984863 0.540039 0.0283203 0.142578 0.774437
2 0.1521 0.467773 0.0961914 0.115234 0.783632
0 0.729004 0.458008 0.0410156 0.210938 0.833925
2 0.320801 0.453613 0.046875 0.0556641 0.873676
