9 0.813721 0.314941 0.0219727 0.0751953 0.213877
2 0.25415 0.508789 0.0356445 0.0683594 0.273298
2 0.046875 0.522461 0.0244141 0.0527344 0.278785
2 0.00878906 0.520996 0.0175781 0.0693359 0.327567
2 0.403809 0.518555 0.0273438 0.03125 0.332062
9 0.716064 0.365723 0.0102539 0.0419922 0.342236
9 0.700439 0.422852 0.0249023 0.107422 0.381367
9 0.03125 0.0258789 0.0361328 0.0478516 0.411554
5 0.476074 0.521484 0.101562 0.191406 0.439458
9 0.746338 0.276367 0.0288086 0.0878906 0.492676
7 0.474609 0.521484 0.100586 0.191406 0.518047
9 0.757812 0.277344 0.0175781 0.0898438 0.525701
2 0.270752 0.506836 0.0366211 0.0605469 0.541085
7 0.208984 0.490723 0.0634766 0.118164 0.580093
9 0.821289 0.331055 0.0380859 0.119141 0.630048
0 0.78418 0.541016 0.0390625 0.224609 0.638435
2 0.139404 0.518066 0.0717773 0.0556641 0.659069
2 0.079834 0.520508 0.0541992 0.0585938 0.68914
9 0.143311 0.0302734 0.0336914 0.0585938 0.697658
0 0.907715 0.556641 0.0380859 0.230469 0.720356
0 0.80957 0.539551 0.0341797 0.231445 0.745945
0 0.885742 0.538086 0.0351562 0.244141 0.752061
0 0.0336914 0.541992 0.0400391 0.214844 0.7603
0 0.850098 0.538574 0.0410156 0.250977 0.819538
2 0.586914 0.541016 0.0869141 0.123047 0.839968
0 0.951904 0.560059 0.0444336 0.260742 0.846639
