7 0.449219 0.436035 0.0419922 0.0595703 0.205248
2 0.464111 0.411621 0.034668 0.0810547 0.229858
2 0.467285 0.433594 0.0292969 0.0429688 0.238094
2 0.530029 0.425781 0.0180664 0.0351562 0.266751
3 0.347656 0.458984 0.0400391 0.0820312 0.277187
3 0.327637 0.467773 0.03125 0.0917969 0.33962
2 0.418213 0.445312 0.0239258 0.0449219 0.371451
2 0.353516 0.45459 0.0302734 0.0771484 0.426613
0 0.329346 0.443359 0.0258789 0.0996094 0.456648
2 0.550537 0.439941 0.0307617 0.0634766 0.478034
2 0.369873 0.443848 0.0288086 0.0595703 0.539382
2 0.60376 0.450195 0.0454102 0.107422 0.625986
2 0.39624 0.446289 0.0288086 0.0507812 0.653822
2 0.572754 0.439453 0.0361328 0.0722656 0.677973
2 0.443604 0.441895 0.0336914 0.0517578 0.780796
0 0.863037 0.459473 0.0483398 0.280273 0.841707
2 0.645752 0.464844 0.090332 0.132812 0.849525
2 0.248779 0.47998 0.0913086 0.125977 0.863152
2 0.0734863 0.537109 0.145996 0.267578 0.885882
