0 0.392578 0.424805 0.0175781 0.0917969 0.210086
2 0.520264 0.442871 0.0200195 0.0439453 0.277517
0 0.731934 0.43457 0.0283203 0.125 0.368262
2 0.511963 0.439453 0.027832 0.0507812 0.393574
0 0.30249 0.437012 0.0141602 0.0927734 0.40254
9 0.561523 0.362305 0.0126953 0.0410156 0.437437
0 0.70459 0.435547 0.0195312 0.130859 0.447035
0 0.648682 0.436523 0.0239258 0.130859 0.465851
2 0.463135 0.438477 0.0366211 0.0488281 0.52718
0 0.287109 0.449219 0.0263672 0.134766 0.529622
0 0.327637 0.441406 0.0224609 0.123047 0.536027
0 0.629395 0.4375 0.0214844 0.128906 0.553735
0 0.719238 0.433105 0.0283203 0.129883 0.55878
9 0.523193 0.291504 0.00634766 0.0361328 0.660042
0 0.741455 0.435059 0.0209961 0.137695 0.686618
0 0.672363 0.432617 0.0253906 0.126953 0.734839
0 0.365723 0.463379 0.03125 0.12793 0.791871
