2 0.50415 0.431641 0.019043 0.0292969 0.207165
2 0.563477 0.428223 0.0214844 0.0302734 0.245412
0 0.73999 0.447754 0.0200195 0.0849609 0.302799
9 0.467041 0.268555 0.00732422 0.0410156 0.31591
9 0.765381 0.283691 0.0141602 0.0654297 0.386206
0 0.810059 0.436035 0.0195312 0.0947266 0.410999
2 0.556885 0.42627 0.0180664 0.0244141 0.446682
2 0.494629 0.430176 0.0244141 0.0302734 0.461697
9 0.138672 0.288574 0.0185547 0.0654297 0.523047
2 0.772217 0.439453 0.0571289 0.0585938 0.541161
2 0.526367 0.431152 0.0166016 0.0263672 0.56496
2 0.975586 0.439941 0.0488281 0.116211 0.754657
2 0.593018 0.441406 0.0307617 0.0527344 0.77393
9 0.556396 0.0458984 0.0170898 0.0839844 0.786041
2 0.884766 0.441406 0.101562 0.0957031 0.792542
