0 0.297852 0.51416 0.0380859 0.229492 0.229265
26 0.782959 0.463867 0.0249023 0.109375 0.234965
0 0.789551 0.490723 0.0390625 0.256836 0.261203
26 0.317627 0.47998 0.0239258 0.0908203 0.327558
24 0.783691 0.47168 0.0244141 0.09375 0.335539
2 0.360596 0.470215 0.0180664 0.0478516 0.482156
2 0.216797 0.491699 0.228516 0.237305 0.543472
2 0.398682 0.463867 0.0288086 0.0429688 0.582756
25 0.331299 0.362305 0.074707 0.0488281 0.674435
0 0.838867 0.499512 0.0380859 0.301758 0.750857
0 0.340332 0.509277 0.0488281 0.270508 0.753985
0 0.804443 0.503418 0.0561523 0.344727 0.759685
0 0.0705566 0.464844 0.0268555 0.146484 0.791411
0 0.277588 0.51709 0.0776367 0.293945 0.831262
0 0.884521 0.502441 0.0727539 0.290039 0.886413
0 0.562744 0.5 0.065918 0.291016 0.890494
