9 0.341309 0.347168 0.0136719 0.0283203 0.201361
9 0.188965 0.274414 0.0273438 0.0664062 0.219766
2 0.467285 0.425781 0.0185547 0.0273438 0.229444
0 0.985352 0.363281 0.0292969 0.292969 0.22958
9 0.653564 0.191406 0.0317383 0.0605469 0.272905
2 0.521729 0.446777 0.0307617 0.0458984 0.281576
2 0.533691 0.438965 0.0478516 0.0673828 0.388944
11 0.652832 0.190918 0.0302734 0.0615234 0.39682
0 0.729736 0.426758 0.0288086 0.148438 0.433756
0 0.936523 0.358398 0.0351562 0.265625 0.449329
9 0.425537 0.0776367 0.0366211 0.0830078 0.454687
1 0.756348 0.483887 0.0683594 0.118164 0.489872
0 0.962158 0.34082 0.0356445 0.240234 0.529876
2 0.565674 0.445312 0.0395508 0.0722656 0.577532
2 0.424805 0.442383 0.0273438 0.0449219 0.670117
1 0.136719 0.514648 0.0644531 0.146484 0.69929
2 0.371094 0.46582 0.0917969 0.134766 0.701325
0 0.490967 0.452637 0.0473633 0.168945 0.827747
2 0.0600586 0.52002 0.118164 0.223633 0.855629
