2 0.130859 0.455566 0.0449219 0.0576172 0.228009
9 0.533447 0.331055 0.00634766 0.0195312 0.245177
0 0.958008 0.351562 0.0185547 0.0273438 0.249424
2 0.638672 0.455566 0.0390625 0.120117 0.265301
2 0.570557 0.433594 0.0258789 0.0566406 0.370944
2 0.390381 0.425781 0.0161133 0.0253906 0.384282
2 0.240723 0.447266 0.0302734 0.0390625 0.435537
2 0.218994 0.447266 0.034668 0.0410156 0.438781
2 0.593018 0.444824 0.027832 0.0849609 0.487373
2 0.601807 0.44043 0.0327148 0.109375 0.490882
2 0.196289 0.450684 0.0390625 0.0439453 0.52023
2 0.555908 0.432617 0.0229492 0.0527344 0.547869
2 0.57959 0.437988 0.0253906 0.0673828 0.577939
2 0.110107 0.456543 0.0405273 0.0537109 0.589256
2 0.619141 0.443848 0.0576172 0.120117 0.640178
2 0.468506 0.428711 0.0229492 0.0371094 0.64326
2 0.27124 0.4375 0.0415039 0.046875 0.679439
2 0.146484 0.457031 0.0410156 0.0625 0.681745
2 0.654541 0.458496 0.0620117 0.141602 0.704531
2 0.0712891 0.458008 0.0576172 0.0605469 0.706207
2 0.0253906 0.464844 0.0507812 0.0664062 0.745831
2 0.692627 0.47168 0.0717773 0.166016 0.761785
2 0.971436 0.722656 0.0551758 0.347656 0.799721
2 0.747559 0.481934 0.113281 0.213867 0.810721
2 0.516357 0.442871 0.0561523 0.104492 0.811453
2 0.868652 0.541016 0.262695 0.371094 0.888532
