0 0.919678 0.449707 0.019043 0.0869141 0.202859
2 0.421387 0.453125 0.0292969 0.0371094 0.21367
2 0.583496 0.436035 0.0166016 0.0322266 0.220279
2 0.552002 0.439453 0.0131836 0.0253906 0.225912
2 0.594482 0.439453 0.0268555 0.03125 0.239757
2 0.60376 0.437988 0.0258789 0.0361328 0.259084
11 0.219971 0.517578 0.0532227 0.113281 0.343411
2 0.40332 0.458984 0.0244141 0.0429688 0.373682
2 0.432373 0.449219 0.027832 0.0351562 0.378417
9 0.446777 0.322754 0.0146484 0.0419922 0.385537
9 0.4646 0.328125 0.0161133 0.0625 0.475599
2 0.365967 0.464355 0.0327148 0.0634766 0.515274
9 0.112549 0.0620117 0.050293 0.12207 0.548279
2 0.678955 0.440918 0.0444336 0.0712891 0.568942
9 0.332031 0.195312 0.0166016 0.0625 0.573931
2 0.70459 0.442871 0.0410156 0.0791016 0.580778
2 0.381592 0.461426 0.0356445 0.0615234 0.659309
2 0.732666 0.450195 0.0483398 0.0800781 0.688211
2 0.772217 0.458008 0.0629883 0.0761719 0.741293
2 0.325439 0.468262 0.0610352 0.0810547 0.817766
