2 0.368652 0.433594 0.0273438 0.0429688 0.322106
7 0.646973 0.427734 0.0683594 0.142578 0.327652
2 0.79126 0.41748 0.0209961 0.0693359 0.343039
0 0.647461 0.427246 0.0673828 0.143555 0.378296
9 0.709961 0.26416 0.0175781 0.0361328 0.403612
5 0.647461 0.429199 0.0683594 0.145508 0.551239
1 0.729248 0.506836 0.0229492 0.103516 0.569444
2 0.0112305 0.492676 0.0214844 0.114258 0.61668
2 0.40332 0.422852 0.0449219 0.0703125 0.616681
0 0.730225 0.460938 0.0297852 0.164062 0.624747
1 0.766602 0.529297 0.0292969 0.126953 0.627128
2 0.52417 0.433105 0.0395508 0.0361328 0.636948
2 0.555176 0.438965 0.0332031 0.0419922 0.677953
2 0.264404 0.449707 0.0473633 0.0615234 0.722304
0 0.765137 0.458496 0.0371094 0.206055 0.812394
2 0.324707 0.464355 0.0810547 0.108398 0.821303
2 0.205566 0.45166 0.0751953 0.0927734 0.848782
2 0.0698242 0.46875 0.129883 0.136719 0.881507
