2 0.469482 0.422363 0.0200195 0.0205078 0.210688
2 0.49292 0.424316 0.0258789 0.0361328 0.32948
2 0.439697 0.425781 0.0219727 0.03125 0.359665
2 0.708252 0.50293 0.161621 0.210938 0.383787
2 0.305176 0.427246 0.03125 0.0595703 0.466535
2 0.00732422 0.599121 0.0146484 0.249023 0.50858
2 0.57373 0.461914 0.137695 0.138672 0.518377
2 0.52002 0.432129 0.046875 0.0634766 0.549149
2 0.416016 0.42627 0.0263672 0.0498047 0.576276
2 0.63623 0.479004 0.12793 0.192383 0.633794
2 0.786133 0.516602 0.22168 0.25 0.659253
2 0.978027 0.819824 0.0439453 0.342773 0.687101
2 0.256348 0.459473 0.0742188 0.186523 0.843921
2 0.16333 0.470703 0.13623 0.257812 0.845695
2 0.0888672 0.533691 0.173828 0.317383 0.854683
2 0.874023 0.564453 0.249023 0.416016 0.892556
2 0.354248 0.487305 0.128418 0.1875 0.909342
