10 0.162109 0.53418 0.0244141 0.107422 0.235372
0 0.251221 0.493164 0.027832 0.179688 0.256243
0 0.205078 0.486328 0.0517578 0.189453 0.295301
9 0.234131 0.200195 0.0239258 0.0664062 0.297573
24 0.758301 0.381348 0.0478516 0.0927734 0.318739
2 0.00708008 0.609863 0.0141602 0.0986328 0.358071
0 0.192139 0.404785 0.0249023 0.0712891 0.375911
24 0.434814 0.394531 0.0336914 0.138672 0.459854
9 0.193848 0.0991211 0.0380859 0.12207 0.594988
2 0.305664 0.444824 0.178711 0.178711 0.69204
0 0.770996 0.431641 0.0878906 0.253906 0.697319
9 0.154541 0.116699 0.0307617 0.18457 0.732425
2 0.854004 0.416992 0.09375 0.0683594 0.783938
2 0.539795 0.423828 0.101074 0.0644531 0.793192
1 0.771729 0.515625 0.161621 0.179688 0.836662
0 0.406982 0.468262 0.0913086 0.43457 0.911286
