2 0.00830078 0.309082 0.0166016 0.0654297 0.216362
2 0.584473 0.439453 0.0244141 0.0507812 0.227177
2 0.463867 0.436035 0.0234375 0.0263672 0.228432
2 0.352051 0.458496 0.0419922 0.108398 0.261305
2 0.456543 0.436035 0.0283203 0.0361328 0.272095
2 0.441406 0.431152 0.0205078 0.0537109 0.333066
2 0.604004 0.442871 0.0341797 0.0712891 0.410615
2 0.594727 0.442871 0.0273438 0.0556641 0.50559
2 0.405029 0.446777 0.0249023 0.0634766 0.528287
2 0.619385 0.44043 0.027832 0.0957031 0.550736
2 0.421631 0.443848 0.0268555 0.0576172 0.551504
2 0.431885 0.439941 0.027832 0.0576172 0.578693
2 0.633545 0.44043 0.0454102 0.119141 0.591715
2 0.391602 0.452637 0.03125 0.0693359 0.604154
2 0.364014 0.456543 0.0327148 0.0830078 0.647545
0 0.675537 0.459473 0.034668 0.182617 0.688631
2 0.269287 0.475098 0.0795898 0.155273 0.700009
2 0.320557 0.462891 0.0727539 0.126953 0.757833
2 0.22998 0.489746 0.0693359 0.170898 0.760146
2 0.101562 0.486816 0.201172 0.331055 0.84059
2 0.734863 0.47168 0.0957031 0.181641 0.845723
2 0.834229 0.498047 0.194824 0.21875 0.883625
2 0.940918 0.541504 0.117188 0.321289 0.900483
