2 0.546875 0.439453 0.0322266 0.0292969 0.211179
2 0.556885 0.439941 0.0229492 0.0322266 0.2463
5 0.655273 0.420898 0.0820312 0.197266 0.305465
0 0.498047 0.439453 0.00878906 0.0371094 0.309868
2 0.654785 0.420898 0.0820312 0.193359 0.353203
7 0.654297 0.420898 0.0820312 0.193359 0.42078
2 0.436279 0.441406 0.0239258 0.03125 0.445719
2 0.568604 0.438965 0.034668 0.0361328 0.515468
2 0.00952148 0.52832 0.019043 0.199219 0.697576
2 0.237305 0.479004 0.0634766 0.0791016 0.731952
2 0.0935059 0.49707 0.128418 0.150391 0.828255
2 0.859619 0.500488 0.199707 0.276367 0.898047
2 0.734131 0.485352 0.100098 0.171875 0.90344
