2 0.54126 0.433594 0.0307617 0.0390625 0.23392
9 0.400635 0.00830078 0.019043 0.0166016 0.237975
9 0.660156 0.306641 0.0185547 0.046875 0.246956
0 0.768311 0.428223 0.027832 0.151367 0.247256
2 0.317139 0.451172 0.0200195 0.0332031 0.284267
0 0.20166 0.459961 0.015625 0.0605469 0.341221
9 0.639893 0.310059 0.0239258 0.0576172 0.363196
0 0.769531 0.385254 0.0224609 0.0556641 0.379493
2 0.562988 0.433594 0.0410156 0.0507812 0.502929
0 0.746094 0.431641 0.0253906 0.164062 0.545351
2 0.364502 0.444824 0.0249023 0.0341797 0.582627
9 0.521973 0.0849609 0.00976562 0.0644531 0.640614
0 0.723145 0.436523 0.0253906 0.164062 0.643612
2 0.458252 0.444824 0.0424805 0.0537109 0.717752
2 0.407959 0.45166 0.0668945 0.100586 0.769976
9 0.425781 0.0898438 0.0117188 0.0742188 0.776591
2 0.267578 0.467773 0.0869141 0.105469 0.809353
