9 0.741943 0.302734 0.0112305 0.0429688 0.232284
2 0.658691 0.407715 0.0576172 0.0439453 0.234037
9 0.508057 0.293945 0.0180664 0.0429688 0.238392
0 0.714844 0.432617 0.0498047 0.113281 0.258809
7 0.440918 0.421875 0.0507812 0.0820312 0.298814
0 0.723389 0.419434 0.0239258 0.131836 0.424292
9 0.827148 0.279785 0.0166016 0.0751953 0.498574
9 0.629639 0.30127 0.0141602 0.0595703 0.527001
2 0.763672 0.423828 0.0546875 0.0703125 0.596709
1 0.715332 0.444336 0.0507812 0.0898438 0.622137
9 0.319092 0.291504 0.0131836 0.0693359 0.632386
2 0.440674 0.422363 0.0532227 0.0849609 0.649081
2 0.881836 0.466309 0.167969 0.168945 0.914798
