0 0.598145 0.448242 0.0439453 0.0742188 0.203996
0 0.206543 0.42627 0.0527344 0.0634766 0.205085
0 0.652588 0.462891 0.0551758 0.121094 0.206423
0 0.654541 0.43457 0.0297852 0.154297 0.24911
3 0.643066 0.478027 0.0566406 0.0927734 0.257943
1 0.650635 0.482422 0.0493164 0.0878906 0.278062
2 0.447754 0.432129 0.0263672 0.0439453 0.392806
0 0.635742 0.438965 0.0263672 0.12793 0.429276
2 0.510986 0.422852 0.0229492 0.0488281 0.431422
2 0.564697 0.441406 0.0297852 0.0625 0.447336
2 0.472168 0.437012 0.0205078 0.0400391 0.541427
2 0.589355 0.444336 0.0380859 0.0722656 0.58157
0 0.671875 0.43457 0.0253906 0.167969 0.656733
2 0.223389 0.531738 0.260254 0.350586 0.859113
2 0.78125 0.497559 0.174805 0.268555 0.860466
2 0.40625 0.474609 0.0898438 0.125 0.866152
2 0.904053 0.555176 0.189941 0.491211 0.889247
