9 0.0791016 0.28125 0.015625 0.0527344 0.203244
2 0.0537109 0.437012 0.046875 0.12793 0.211713
9 0.758789 0.163574 0.0292969 0.0517578 0.229349
2 0.243164 0.432617 0.0263672 0.046875 0.262647
0 0.582031 0.402832 0.0253906 0.15918 0.273052
2 0.0424805 0.430664 0.0830078 0.164062 0.345917
7 0.266602 0.427734 0.0673828 0.0664062 0.35215
0 0.568604 0.375 0.0170898 0.132812 0.36628
2 0.265625 0.430664 0.0673828 0.0605469 0.427306
2 0.203369 0.436035 0.0229492 0.0302734 0.443676
7 0.483643 0.414062 0.0415039 0.0761719 0.479635
7 0.0393066 0.423828 0.0776367 0.185547 0.491561
2 0.973877 0.418945 0.0522461 0.0859375 0.591318
9 0.0803223 0.233398 0.0200195 0.0957031 0.604027
0 0.642578 0.436035 0.0429688 0.139648 0.624628
2 0.171875 0.432617 0.0527344 0.046875 0.636527
1 0.644531 0.480957 0.0478516 0.100586 0.652818
9 0.679443 0.244629 0.0258789 0.0830078 0.696735
2 0.418945 0.434082 0.0332031 0.0498047 0.702859
