0 0.566406 0.421387 0.0214844 0.12793 0.213513
25 0.58667 0.292969 0.123535 0.0683594 0.31664
0 0.412598 0.48877 0.0322266 0.188477 0.380806
2 0.860352 0.395508 0.0791016 0.109375 0.504261
0 0.400391 0.481934 0.0351562 0.202148 0.611238
0 0.656738 0.424805 0.0244141 0.158203 0.654513
3 0.920166 0.475586 0.156738 0.238281 0.720722
0 0.0925293 0.448242 0.0180664 0.113281 0.756739
0 0.369629 0.476562 0.0322266 0.205078 0.79971
2 0.0239258 0.463379 0.0478516 0.102539 0.807315
2 0.208252 0.499023 0.17041 0.228516 0.90574
