2 0.461426 0.436035 0.0185547 0.0341797 0.217527
0 0.61084 0.426758 0.0185547 0.0742188 0.254911
2 0.478271 0.435059 0.0209961 0.0302734 0.543368
2 0.368164 0.455566 0.0341797 0.106445 0.543707
0 0.620117 0.428711 0.0146484 0.0761719 0.626874
2 0.324707 0.460449 0.0693359 0.147461 0.670273
2 0.38916 0.449707 0.0419922 0.0947266 0.671001
2 0.665771 0.458984 0.0532227 0.125 0.794819
2 0.429688 0.438477 0.0429688 0.0664062 0.837662
2 0.570068 0.435547 0.0512695 0.0664062 0.842486
2 0.269287 0.47998 0.111816 0.178711 0.860048
2 0.045166 0.557617 0.0883789 0.308594 0.884752
2 0.136963 0.515625 0.194824 0.253906 0.896215
2 0.746582 0.476074 0.157227 0.178711 0.902506
