2 0.426025 0.441406 0.0200195 0.0527344 0.240553
2 0.571533 0.441895 0.027832 0.0791016 0.270276
1 0.194824 0.510742 0.0478516 0.0957031 0.307216
2 0.613037 0.45752 0.0444336 0.141602 0.307633
2 0.688232 0.458984 0.11377 0.259766 0.608496
2 0.256104 0.458984 0.0737305 0.126953 0.611032
0 0.189941 0.425293 0.0253906 0.0927734 0.622868
2 0.592773 0.450195 0.0439453 0.113281 0.637217
0 0.966797 0.467285 0.0292969 0.15918 0.69765
2 0.317139 0.45752 0.0620117 0.106445 0.759249
2 0.388916 0.445801 0.0571289 0.0654297 0.795643
2 0.517334 0.468262 0.074707 0.116211 0.863131
