2 0.300049 0.43457 0.0161133 0.0332031 0.209235
2 0.320312 0.428223 0.0136719 0.0283203 0.236357
2 0.257324 0.441406 0.0205078 0.0566406 0.253527
2 0.407227 0.42041 0.0244141 0.0205078 0.344097
2 0.417236 0.420898 0.0229492 0.0195312 0.431535
2 0.456787 0.426758 0.0219727 0.0371094 0.464466
2 0.193115 0.445801 0.0375977 0.0908203 0.490172
2 0.00634766 0.504395 0.0126953 0.0908203 0.675707
2 0.638184 0.455078 0.0908203 0.144531 0.697327
7 0.894043 0.40332 0.196289 0.689453 0.736562
2 0.585449 0.435547 0.046875 0.09375 0.762098
2 0.531738 0.42334 0.0341797 0.0556641 0.77153
2 0.490967 0.424805 0.050293 0.0820312 0.83352
2 0.751465 0.48291 0.120117 0.291992 0.850301
2 0.092041 0.460449 0.108887 0.12207 0.900042
