2 0.625732 0.429199 0.0180664 0.0341797 0.443082
2 0.600342 0.444824 0.027832 0.0400391 0.523695
2 0.650879 0.443359 0.0371094 0.0703125 0.662826
2 0.984863 0.648926 0.0302734 0.223633 0.719097
2 0.335693 0.47168 0.0532227 0.0898438 0.736652
2 0.166016 0.50293 0.0957031 0.166016 0.785391
2 0.55249 0.461914 0.0708008 0.107422 0.852272
2 0.0517578 0.547363 0.103516 0.293945 0.872484
2 0.235352 0.518066 0.193359 0.213867 0.884481
2 0.737549 0.494629 0.132324 0.188477 0.892398
2 0.889893 0.52832 0.220215 0.345703 0.908771
