z2 0.986572 0.455078 0.0268555 0.0820312 0.227208
9 0.46167 0.371094 0.00830078 0.0390625 0.237251
2 0.596191 0.426758 0.0224609 0.0371094 0.254632
2 0.321533 0.485352 0.0522461 0.0644531 0.301225
7 0.331543 0.432129 0.110352 0.155273 0.342452
2 0.436523 0.453125 0.0263672 0.0429688 0.387241
0 0.755859 0.438477 0.0205078 0.0800781 0.401508
2 0.241699 0.442871 0.0664062 0.0888672 0.581966
0 0.73584 0.443359 0.0185547 0.0917969 0.5891
9 0.956543 0.0375977 0.0400391 0.0751953 0.685264
1 0.667236 0.629883 0.043457 0.236328 0.702558
2 0.181641 0.453125 0.0927734 0.0996094 0.712617
2 0.38208 0.477051 0.0698242 0.0908203 0.781176
2 0.874756 0.53125 0.221191 0.357422 0.840599
2 0.125488 0.656738 0.25 0.663086 0.864159
0 0.654053 0.473633 0.0834961 0.384766 0.893863
