9 0.914062 0.229004 0.0410156 0.108398 0.276795
2 0.37085 0.449219 0.0620117 0.109375 0.277112
9 0.898682 0.248535 0.0229492 0.0908203 0.292506
7 0.385986 0.421875 0.0493164 0.0917969 0.298439
0 0.80542 0.237305 0.0200195 0.0722656 0.309247
2 0.386475 0.424805 0.0493164 0.09375 0.343692
9 0.878418 0.248047 0.0205078 0.0839844 0.383933
2 0.352051 0.46875 0.0488281 0.0859375 0.824326
2 0.413818 0.475586 0.0541992 0.0917969 0.844411
2 0.296631 0.50293 0.10791 0.166016 0.878901
2 0.876709 0.597656 0.245605 0.660156 0.915067
