2 0.697754 0.433594 0.0478516 0.0683594 0.223591
0 0.0400391 0.475586 0.03125 0.0957031 0.243763
0 0.272217 0.481445 0.0249023 0.0917969 0.374845
0 0.370361 0.463867 0.0229492 0.121094 0.483608
2 0.543945 0.471191 0.0566406 0.116211 0.578192
2 0.807129 0.456543 0.0644531 0.108398 0.584165
1 0.485107 0.584473 0.0483398 0.192383 0.610394
0 0.402344 0.465332 0.0234375 0.118164 0.678016
0 0.380127 0.465332 0.0229492 0.12207 0.699817
2 0.736084 0.469238 0.0766602 0.125977 0.771457
2 0.234375 0.5 0.0595703 0.0820312 0.802286
0 0.470703 0.476074 0.0888672 0.356445 0.856919
