9 0.482666 0.309082 0.00927734 0.0224609 0.204189
2 0.512695 0.391602 0.0205078 0.0253906 0.230051
1 0.563232 0.885254 0.0512695 0.125977 0.282368
0 0.665283 0.453613 0.0727539 0.0908203 0.326394
0 0.658203 0.418457 0.0205078 0.108398 0.353026
0 0.602295 0.38916 0.012207 0.0673828 0.386789
11 0.0361328 0.235352 0.0322266 0.109375 0.394859
0 0.677979 0.421875 0.0268555 0.125 0.513294
0 0.62915 0.410156 0.0219727 0.115234 0.680649
1 0.667236 0.459473 0.0776367 0.0849609 0.730092
2 0.0683594 0.5 0.134766 0.310547 0.911518
