0 0.713379 0.431641 0.0205078 0.0957031 0.203957
9 0.698975 0.177734 0.0327148 0.0644531 0.225389
9 0.253662 0.328613 0.0151367 0.0693359 0.23284
9 0.764648 0.314941 0.0117188 0.0458984 0.244385
0 0.986084 0.419922 0.0258789 0.148438 0.269905
9 0.38623 0.361328 0.00878906 0.0332031 0.294093
0 0.26001 0.471191 0.0180664 0.125977 0.325664
9 0.68457 0.277832 0.0175781 0.0498047 0.340162
0 0.728027 0.422363 0.0195312 0.110352 0.364089
3 0.986816 0.4375 0.0263672 0.126953 0.382482
0 0.450684 0.456543 0.0205078 0.0810547 0.507067
2 0.615967 0.430176 0.0239258 0.0419922 0.520895
2 0.593018 0.431641 0.0268555 0.0507812 0.538059
11 0.698242 0.177246 0.0341797 0.0693359 0.599463
0 0.00952148 0.431152 0.019043 0.0556641 0.622111
0 0.349854 0.447266 0.0112305 0.078125 0.62773
0 0.230957 0.467773 0.0214844 0.134766 0.637672
2 0.566406 0.436035 0.0429688 0.0673828 0.734536
2 0.667236 0.420898 0.0854492 0.0917969 0.734652
11 0.251709 0.247559 0.034668 0.0712891 0.750928
2 0.880127 0.39502 0.104004 0.0830078 0.866207
2 0.0827637 0.521973 0.164551 0.202148 0.908936
