0 0.356445 0.446777 0.0136719 0.0517578 0.203745
2 0.469482 0.416016 0.0297852 0.0234375 0.222568
0 0.665771 0.430664 0.0297852 0.101562 0.264184
1 0.445312 0.449219 0.0332031 0.046875 0.268353
2 0.496094 0.416504 0.0195312 0.0224609 0.314574
9 0.532471 0.317383 0.00634766 0.0195312 0.340326
2 0.00830078 0.530762 0.0166016 0.182617 0.436391
0 0.375 0.443848 0.015625 0.0576172 0.459212
0 0.657471 0.437988 0.0170898 0.112305 0.470249
0 0.676514 0.427734 0.0170898 0.09375 0.473053
2 0.416748 0.426758 0.0268555 0.0507812 0.498267
2 0.513428 0.419922 0.0200195 0.0292969 0.523336
0 0.650391 0.43457 0.0185547 0.103516 0.54279
2 0.542236 0.422363 0.0268555 0.0458984 0.617797
2 0.31958 0.45166 0.0639648 0.0908203 0.736948
1 0.779297 0.499512 0.0527344 0.133789 0.757099
2 0.249512 0.460449 0.0751953 0.12793 0.814124
2 0.144043 0.48877 0.150391 0.170898 0.862534
