0 0.318359 0.40332 0.0146484 0.0410156 0.213893
2 0.736572 0.431641 0.0180664 0.0371094 0.214506
2 0.768066 0.467773 0.0205078 0.0292969 0.22495
9 0.312988 0.012207 0.0166016 0.0224609 0.238938
1 0.979004 0.483887 0.0419922 0.108398 0.327954
2 0.745117 0.429688 0.0273438 0.0410156 0.339197
13 0.465088 0.526855 0.081543 0.0517578 0.374408
2 0.716064 0.428711 0.0258789 0.0390625 0.487262
0 0.510254 0.45752 0.0205078 0.118164 0.663642
0 0.561523 0.453125 0.0234375 0.09375 0.678044
0 0.591309 0.452148 0.0175781 0.09375 0.707684
6 0.343506 0.413086 0.446777 0.271484 0.731391
2 0.651855 0.477539 0.0917969 0.130859 0.837121
0 0.186523 0.51709 0.0537109 0.303711 0.839684
0 0.048584 0.565918 0.0864258 0.536133 0.862621
2 0.862061 0.535645 0.210449 0.266602 0.882651
