2 0.197754 0.469238 0.0429688 0.0693359 0.20165
9 0.484131 0.393555 0.00732422 0.0234375 0.242821
2 0.486328 0.437988 0.0253906 0.0302734 0.257365
2 0.311279 0.45752 0.027832 0.0400391 0.290191
9 0.653076 0.354004 0.0112305 0.0400391 0.315609
2 0.258545 0.467285 0.0258789 0.0419922 0.349432
2 0.237549 0.464355 0.0356445 0.0615234 0.413381
2 0.456299 0.438477 0.0366211 0.0273438 0.451011
9 0.451172 0.383789 0.00488281 0.0253906 0.458605
2 0.220459 0.463867 0.0512695 0.0742188 0.676582
2 0.29834 0.45752 0.0410156 0.0458984 0.687339
2 0.520996 0.441406 0.0351562 0.0332031 0.706534
2 0.172852 0.476074 0.0478516 0.0771484 0.801477
2 0.123047 0.480957 0.0615234 0.0908203 0.821858
2 0.0505371 0.491699 0.101074 0.106445 0.851687
