2 0.484131 0.43457 0.0219727 0.0234375 0.201982
2 0.438232 0.432617 0.0209961 0.0292969 0.210754
0 0.567871 0.42334 0.0214844 0.0439453 0.259571
2 0.455322 0.425293 0.0141602 0.0263672 0.260501
0 0.167969 0.503906 0.0576172 0.208984 0.270153
2 0.429932 0.443848 0.0229492 0.0419922 0.359519
2 0.395264 0.457031 0.027832 0.0644531 0.391706
2 0.73877 0.45166 0.0761719 0.229492 0.444465
2 0.606689 0.443359 0.0317383 0.0527344 0.584586
2 0.418213 0.448242 0.0219727 0.0507812 0.616947
3 0.172852 0.528809 0.0605469 0.168945 0.640978
2 0.356201 0.460938 0.0405273 0.0878906 0.661428
2 0.377197 0.458008 0.0288086 0.078125 0.690661
2 0.238281 0.499512 0.0976562 0.161133 0.758129
2 0.791992 0.457031 0.169922 0.244141 0.773216
2 0.692383 0.45752 0.0517578 0.149414 0.816844
2 0.545166 0.473633 0.111816 0.220703 0.817271
2 0.319092 0.473145 0.081543 0.112305 0.826953
2 0.947021 0.539551 0.10498 0.327148 0.839327
2 0.0722656 0.544434 0.144531 0.313477 0.893371
