3 0.507812 0.495117 0.0419922 0.121094 0.224942
2 0.530273 0.45459 0.0263672 0.106445 0.261764
2 0.893311 0.44043 0.187988 0.214844 0.265258
0 0.529785 0.458008 0.0283203 0.0996094 0.30007
1 0.507324 0.500488 0.0429688 0.114258 0.348911
7 0.459473 0.477539 0.0732422 0.119141 0.408969
2 0.919189 0.398438 0.147949 0.126953 0.430062
2 0.457764 0.478516 0.0708008 0.117188 0.432384
2 0.555664 0.428711 0.0234375 0.0390625 0.443415
2 0.702637 0.430664 0.03125 0.0488281 0.567132
0 0.507812 0.449707 0.0390625 0.165039 0.5696
1 0.363281 0.484375 0.0595703 0.103516 0.637979
2 0.581543 0.438477 0.0332031 0.0449219 0.74858
2 0.792725 0.527832 0.126465 0.256836 0.826989
2 0.896973 0.615723 0.204102 0.405273 0.831733
