0 0.754883 0.544922 0.0302734 0.0546875 0.205554
2 0.381592 0.451172 0.0170898 0.0351562 0.222617
3 0.679932 0.453125 0.0249023 0.0996094 0.243446
0 0.673096 0.439941 0.0151367 0.0654297 0.253676
5 0.434326 0.426758 0.0385742 0.0820312 0.286897
0 0.679932 0.443848 0.0229492 0.0869141 0.300989
0 0.250488 0.460938 0.0117188 0.0527344 0.428953
2 0.11084 0.486816 0.0253906 0.0478516 0.442552
7 0.780029 0.349121 0.14502 0.116211 0.466819
0 0.22876 0.460938 0.012207 0.0585938 0.468486
0 0.960449 0.435547 0.0185547 0.121094 0.472965
0 0.984375 0.43457 0.0253906 0.125 0.538038
2 0.437744 0.45459 0.034668 0.0380859 0.559072
0 0.924316 0.441406 0.0205078 0.134766 0.612767
2 0.403809 0.455566 0.0224609 0.0380859 0.634807
2 0.557617 0.455566 0.0400391 0.0439453 0.660192
2 0.791016 0.563477 0.262695 0.373047 0.799356
2 0.497559 0.481445 0.0751953 0.121094 0.848
2 0.612549 0.481445 0.0825195 0.126953 0.870187
