0 0.267334 0.364258 0.0268555 0.0859375 0.202396
0 0.334473 0.373047 0.00976562 0.0429688 0.235106
2 0.533447 0.375 0.0610352 0.0527344 0.283518
24 0.869385 0.369141 0.0649414 0.130859 0.290129
0 0.251465 0.356445 0.0117188 0.0683594 0.308915
0 0.428223 0.341309 0.0166016 0.0361328 0.328705
26 0.950928 0.435059 0.0581055 0.206055 0.383564
9 0.656006 0.0380859 0.0161133 0.0761719 0.445976
0 0.455078 0.349609 0.0175781 0.0664062 0.47964
0 0.729248 0.378906 0.027832 0.0976562 0.546622
2 0.36377 0.360352 0.0507812 0.0683594 0.553383
2 0.915283 0.416504 0.0473633 0.149414 0.616791
0 0.30249 0.36084 0.0161133 0.0771484 0.640048
0 0.273926 0.382324 0.0224609 0.118164 0.678835
0 0.205078 0.407227 0.0244141 0.134766 0.681558
0 0.0859375 0.459961 0.0488281 0.261719 0.703017
0 0.753906 0.414062 0.0322266 0.171875 0.768774
0 0.964111 0.489258 0.0717773 0.509766 0.791525
0 0.792236 0.400391 0.0405273 0.203125 0.879675
2 0.39917 0.453125 0.169434 0.181641 0.9065
0 0.866699 0.48584 0.0917969 0.55957 0.915147
