9 0.858887 0.293945 0.0214844 0.142578 0.208176
58 0.222412 0.220703 0.0581055 0.105469 0.216838
2 0.671143 0.46875 0.019043 0.0332031 0.221098
0 0.412598 0.420898 0.0117188 0.0527344 0.237045
0 0.470703 0.42627 0.0117188 0.0380859 0.270717
2 0.582764 0.445312 0.0219727 0.03125 0.304131
0 0.433594 0.422852 0.0126953 0.0566406 0.319456
0 0.262939 0.418457 0.0112305 0.0751953 0.427219
0 0.417725 0.421875 0.012207 0.0527344 0.432456
9 0.862793 0.330566 0.0185547 0.0888672 0.433189
0 0.387939 0.415527 0.0112305 0.0673828 0.446327
5 0.525635 0.425293 0.0561523 0.0791016 0.561224
2 0.618164 0.456543 0.0244141 0.0380859 0.65229
9 0.662598 0.25293 0.0224609 0.101562 0.773193
0 0.79541 0.506836 0.0390625 0.208984 0.894387
