0 0.967529 0.421875 0.0161133 0.101562 0.210596
2 0.515625 0.403809 0.0761719 0.147461 0.215964
9 0.231934 0.197754 0.0185547 0.110352 0.230647
2 0.825195 0.416504 0.0175781 0.0341797 0.241795
0 0.917725 0.446777 0.0209961 0.0771484 0.292821
2 0.461914 0.429688 0.0410156 0.0644531 0.314467
10 0.992432 0.509766 0.0151367 0.115234 0.327282
0 0.878662 0.449707 0.0209961 0.0908203 0.334994
2 0.552979 0.395996 0.161621 0.149414 0.337404
2 0.817139 0.410645 0.0336914 0.0458984 0.338175
2 0.658447 0.419434 0.0415039 0.0654297 0.410064
0 0.991211 0.505371 0.0166016 0.120117 0.471073
2 0.803223 0.418945 0.0478516 0.0605469 0.477831
9 0.27832 0.195801 0.0234375 0.12207 0.535523
2 0.704834 0.419922 0.0405273 0.0644531 0.53594
7 0.551514 0.395508 0.148926 0.15625 0.705966
2 0.758789 0.424805 0.0849609 0.09375 0.708543
9 0.836426 0.210449 0.0214844 0.108398 0.715879
2 0.605957 0.436523 0.0986328 0.0898438 0.741989
7 0.0634766 0.441406 0.125 0.265625 0.783854
2 0.304443 0.442383 0.126465 0.117188 0.816547
9 0.254883 0.195312 0.0283203 0.128906 0.817541
9 0.865967 0.203125 0.0249023 0.132812 0.833878
