0 0.237305 0.410645 0.0195312 0.102539 0.211232
2 0.429932 0.402832 0.0258789 0.0400391 0.213525
2 0.4375 0.413086 0.0224609 0.0371094 0.219868
0 0.308105 0.413086 0.00878906 0.0742188 0.397204
0 0.245361 0.419434 0.0239258 0.0966797 0.407687
2 0.420654 0.40918 0.0336914 0.0507812 0.43733
9 0.707031 0.364746 0.0078125 0.0205078 0.474935
9 0.350098 0.32373 0.00878906 0.0419922 0.593573
0 0.341797 0.418945 0.0117188 0.0625 0.643883
9 0.531738 0.186523 0.0136719 0.0585938 0.688248
9 0.457764 0.18457 0.0131836 0.0625 0.729737
9 0.612549 0.344727 0.00927734 0.0449219 0.731977
0 0.215088 0.408203 0.0219727 0.119141 0.766521
2 0.470947 0.442383 0.0600586 0.0859375 0.842574
2 0.536621 0.461914 0.09375 0.152344 0.877997
