0 0.577148 0.433105 0.0380859 0.0634766 0.200509
2 0.503662 0.417969 0.0180664 0.0292969 0.221308
9 0.147461 0.28125 0.0224609 0.0859375 0.240093
3 0.573242 0.435547 0.0322266 0.0644531 0.264648
2 0.481445 0.429199 0.0234375 0.0322266 0.291342
9 0.898193 0.246582 0.0180664 0.0908203 0.293058
2 0.577881 0.432129 0.0385742 0.0595703 0.312207
2 0.536377 0.433105 0.0288086 0.0380859 0.591363
0 0.726074 0.435059 0.0214844 0.135742 0.692393
0 0.762207 0.433594 0.0214844 0.150391 0.699816
0 0.792969 0.421875 0.0253906 0.154297 0.816979
2 0.206543 0.506836 0.260742 0.240234 0.894023
