0 0.986084 0.595703 0.027832 0.289062 0.254923
2 0.648193 0.462402 0.0375977 0.12793 0.269617
9 0.628418 0.311523 0.0136719 0.0546875 0.279174
2 0.728027 0.480469 0.0830078 0.208984 0.401202
0 0.874023 0.50293 0.160156 0.371094 0.479974
3 0.986328 0.622559 0.0273438 0.25293 0.614677
0 0.936523 0.411621 0.0224609 0.108398 0.617325
9 0.64209 0.291992 0.0175781 0.0703125 0.6391
0 0.969482 0.427734 0.0268555 0.167969 0.72897
3 0.866699 0.626953 0.137695 0.361328 0.737364
2 0.756836 0.527832 0.132812 0.307617 0.77732
9 0.897217 0.279297 0.019043 0.0898438 0.787072
5 0.204346 0.449707 0.405762 0.881836 0.878969
2 0.513916 0.608887 0.342285 0.532227 0.904848
