9 0.701172 0.382324 0.0078125 0.0458984 0.229337
2 0.640869 0.422852 0.0317383 0.0273438 0.297116
2 0.129395 0.451172 0.0449219 0.0839844 0.44263
9 0.658447 0.359375 0.00732422 0.0195312 0.446743
1 0.209961 0.513184 0.0273438 0.0869141 0.514872
1 0.164551 0.51123 0.0283203 0.0849609 0.608879
2 0.614258 0.432129 0.0292969 0.0478516 0.62583
0 0.161377 0.46582 0.0297852 0.152344 0.663147
2 0.526855 0.430176 0.0439453 0.0400391 0.700186
0 0.207764 0.467285 0.034668 0.161133 0.756559
2 0.578125 0.438477 0.0546875 0.0898438 0.775745
