1 0.69043 0.458008 0.0244141 0.0898438 0.228484
2 0.571045 0.41748 0.0375977 0.0400391 0.262053
9 0.459961 0.311523 0.0136719 0.0546875 0.26636
0 0.306152 0.437012 0.0146484 0.0712891 0.27114
0 0.491943 0.429688 0.0102539 0.0351562 0.300425
9 0.370117 0.343262 0.00976562 0.0556641 0.33025
0 0.690918 0.43457 0.0244141 0.134766 0.40253
9 0.630127 0.350098 0.0131836 0.0341797 0.432656
2 0.519043 0.422852 0.0244141 0.0429688 0.540028
1 0.726074 0.503418 0.0341797 0.166992 0.638369
0 0.723877 0.425781 0.0493164 0.224609 0.774279
2 0.354736 0.437988 0.0473633 0.0478516 0.781798
2 0.568359 0.442871 0.0478516 0.0791016 0.792078
2 0.925293 0.460938 0.148438 0.298828 0.819479
