0 0.628418 0.403809 0.0146484 0.0947266 0.221742
0 0.284912 0.475586 0.0297852 0.0527344 0.242184
2 0.544678 0.416992 0.0356445 0.0898438 0.289671
2 0.140381 0.458984 0.119629 0.103516 0.290748
0 0.568359 0.360352 0.0136719 0.0566406 0.31505
0 0.623291 0.387695 0.0161133 0.0996094 0.355772
2 0.0837402 0.507812 0.104004 0.177734 0.357712
0 0.671631 0.413086 0.0200195 0.105469 0.380253
0 0.679199 0.406738 0.0185547 0.0966797 0.387568
2 0.122803 0.478027 0.182129 0.151367 0.45295
0 0.716553 0.42334 0.027832 0.149414 0.563511
0 0.65332 0.41748 0.0195312 0.110352 0.586202
2 0.946533 0.561035 0.105957 0.629883 0.714996
0 0.890625 0.469727 0.0410156 0.216797 0.734375
0 0.846191 0.462891 0.0390625 0.236328 0.747089
2 0.493408 0.44043 0.0463867 0.109375 0.775583
0 0.782471 0.510254 0.0424805 0.293945 0.777088
0 0.741943 0.506836 0.0375977 0.265625 0.802998
2 0.0280762 0.537109 0.0551758 0.279297 0.831862
2 0.462158 0.458984 0.0737305 0.148438 0.836617
2 0.582031 0.4375 0.0654297 0.105469 0.851438
2 0.381836 0.480957 0.125977 0.198242 0.869932
2 0.225098 0.584473 0.333008 0.329102 0.871883
