0 0.748047 0.366699 0.0224609 0.0615234 0.211555
2 0.445557 0.406738 0.0229492 0.0302734 0.217685
9 0.91626 0.0268555 0.0415039 0.0537109 0.249835
2 0.395264 0.406738 0.0307617 0.0205078 0.277732
2 0.384766 0.408203 0.0214844 0.0234375 0.282295
2 0.411133 0.404297 0.0136719 0.0175781 0.354315
2 0.393311 0.407227 0.0161133 0.0175781 0.362375
9 0.865967 0.0371094 0.0473633 0.0722656 0.471105
2 0.406738 0.40625 0.0175781 0.0195312 0.484443
9 0.812256 0.0395508 0.0551758 0.0791016 0.648979
0 0.359375 0.422852 0.0234375 0.0996094 0.773655
2 0.908447 0.438477 0.145996 0.101562 0.893574
