0 0.791016 0.42627 0.0166016 0.12793 0.271708
3 0.442627 0.484863 0.0483398 0.0810547 0.274169
2 0.586914 0.436035 0.0634766 0.0849609 0.353105
1 0.443115 0.486328 0.0473633 0.0742188 0.37741
0 0.103271 0.475098 0.027832 0.124023 0.417981
9 0.743896 0.305176 0.0141602 0.0615234 0.444464
0 0.444336 0.449219 0.0302734 0.111328 0.471248
2 0.486084 0.438477 0.0336914 0.0371094 0.55924
2 0.761963 0.447266 0.0541992 0.078125 0.650838
2 0.632568 0.447754 0.0942383 0.129883 0.689041
9 0.556152 0.317871 0.0146484 0.0634766 0.755853
2 0.22583 0.468262 0.0854492 0.0712891 0.823808
