0 0.193848 0.463867 0.0263672 0.154297 0.21642
1 0.940918 0.522949 0.0507812 0.165039 0.233102
0 0.256348 0.44043 0.0341797 0.146484 0.272321
1 0.365967 0.486816 0.0249023 0.0810547 0.279215
1 0.768311 0.495117 0.0512695 0.130859 0.325514
1 0.982666 0.469238 0.034668 0.135742 0.337808
1 0.739502 0.474121 0.0463867 0.125977 0.469108
1 0.842285 0.512207 0.0761719 0.165039 0.501756
0 0.317871 0.439941 0.0351562 0.166992 0.509719
1 0.789062 0.505859 0.0634766 0.130859 0.511263
0 0.480469 0.444336 0.0205078 0.078125 0.544103
1 0.887939 0.513672 0.126465 0.185547 0.555647
0 0.0170898 0.500488 0.0332031 0.333008 0.85455
