0 0.0622559 0.418945 0.0131836 0.0410156 0.225912
9 0.854004 0.375977 0.0107422 0.0546875 0.253841
0 0.302246 0.459961 0.0136719 0.0449219 0.258804
74 0.394775 0.0151367 0.0151367 0.0302734 0.277749
0 0.753906 0.472168 0.0214844 0.0830078 0.301719
0 0.730713 0.474609 0.0180664 0.0703125 0.346263
74 0.366943 0.0151367 0.0209961 0.0302734 0.412499
0 0.209961 0.475098 0.0146484 0.0751953 0.434669
0 0.744629 0.473633 0.0166016 0.0800781 0.438891
0 0.372314 0.46875 0.0239258 0.103516 0.489482
1 0.37207 0.506348 0.0390625 0.0576172 0.538387
9 0.988281 0.220215 0.0224609 0.145508 0.696786
0 0.684082 0.50293 0.0498047 0.248047 0.858061
2 0.483154 0.486816 0.119629 0.198242 0.861114
2 0.0849609 0.497559 0.131836 0.118164 0.894705
