0 0.775391 0.434082 0.0546875 0.143555 0.237401
7 0.913574 0.409668 0.125 0.313477 0.274219
0 0.579834 0.444336 0.0200195 0.121094 0.31425
2 0.912109 0.410156 0.12793 0.316406 0.36522
0 0.679443 0.448242 0.0405273 0.126953 0.376833
3 0.638184 0.462402 0.0390625 0.104492 0.407969
3 0.771729 0.437988 0.050293 0.137695 0.438033
3 0.729248 0.446289 0.0571289 0.125 0.471115
3 0.679688 0.447754 0.0419922 0.125977 0.483563
0 0.948975 0.44043 0.0444336 0.283203 0.509352
0 0.605957 0.436035 0.0341797 0.165039 0.714379
2 0.130615 0.487793 0.081543 0.116211 0.807893
2 0.245361 0.479004 0.161621 0.272461 0.832384
0 0.826416 0.439453 0.0717773 0.322266 0.844975
2 0.452393 0.458496 0.19873 0.163086 0.85328
2 0.0532227 0.493652 0.106445 0.198242 0.869463
