2 0.841553 0.46582 0.0209961 0.0859375 0.20115
0 0.734863 0.444824 0.015625 0.102539 0.20264
2 0.914062 0.462402 0.0341797 0.145508 0.212349
2 0.854248 0.467773 0.0307617 0.0820312 0.237729
0 0.775879 0.452637 0.0185547 0.0947266 0.24157
0 0.820068 0.458984 0.0317383 0.132812 0.24707
0 0.37207 0.452637 0.015625 0.0751953 0.253068
0 0.509277 0.461914 0.0195312 0.111328 0.282368
0 0.388428 0.450195 0.0151367 0.0742188 0.341425
0 0.687744 0.450195 0.0239258 0.121094 0.387548
0 0.758057 0.456055 0.0200195 0.105469 0.39244
0 0.912354 0.452637 0.0249023 0.151367 0.416161
0 0.581055 0.469727 0.0214844 0.111328 0.436278
2 0.943359 0.482422 0.0742188 0.128906 0.443577
0 0.3396 0.444336 0.0249023 0.0917969 0.446513
0 0.715088 0.460938 0.0229492 0.128906 0.487066
0 0.52002 0.468262 0.0292969 0.12207 0.501795
0 0.532471 0.467773 0.0170898 0.119141 0.524009
9 0.460938 0.322266 0.0166016 0.0683594 0.530579
0 0.80542 0.460449 0.0405273 0.133789 0.546984
0 0.567383 0.46875 0.0214844 0.113281 0.565106
0 0.431641 0.464355 0.0205078 0.116211 0.56883
0 0.88208 0.465332 0.0258789 0.12793 0.633618
9 0.73999 0.30957 0.0161133 0.0800781 0.693449
2 0.643311 0.481445 0.0922852 0.164062 0.767203
2 0.963623 0.500488 0.0717773 0.170898 0.794839
