0 0.539307 0.429199 0.0385742 0.0830078 0.226817
0 0.892822 0.421387 0.0327148 0.0595703 0.260092
9 0.272217 0.350098 0.00830078 0.0400391 0.304244
9 0.477295 0.327637 0.0102539 0.0498047 0.38624
9 0.134521 0.348145 0.0131836 0.0615234 0.461277
0 0.102295 0.45166 0.0151367 0.0791016 0.467329
0 0.529785 0.429199 0.0166016 0.0810547 0.497003
0 0.554932 0.428711 0.0161133 0.0859375 0.497312
2 0.594971 0.418457 0.0317383 0.0361328 0.50632
9 0.418213 0.249023 0.0180664 0.0898438 0.531791
0 0.263916 0.446777 0.0180664 0.0771484 0.611125
2 0.432617 0.435059 0.0449219 0.0576172 0.691312
9 0.396973 0.248535 0.0253906 0.102539 0.706497
9 0.0554199 0.292969 0.0209961 0.0800781 0.716191
9 0.864014 0.305664 0.0112305 0.0546875 0.729702
9 0.833252 0.230469 0.0249023 0.111328 0.80857
2 0.367432 0.443848 0.0463867 0.0634766 0.863178
2 0.0537109 0.540039 0.107422 0.257812 0.870049
2 0.862549 0.51416 0.274902 0.303711 0.89922
