2 0.594238 0.44043 0.0292969 0.0449219 0.224175
2 0.482422 0.429199 0.0214844 0.0380859 0.254671
2 0.616699 0.435547 0.0263672 0.0722656 0.33912
2 0.458984 0.437988 0.0244141 0.0654297 0.490094
2 0.602539 0.43457 0.0488281 0.0625 0.543519
2 0.507812 0.427734 0.0292969 0.0488281 0.573361
2 0.420166 0.435059 0.0668945 0.161133 0.630569
2 0.393311 0.473145 0.0532227 0.149414 0.701724
2 0.319092 0.496094 0.101074 0.240234 0.72605
2 0.176025 0.540527 0.275879 0.389648 0.847434
2 0.0710449 0.623535 0.141113 0.579102 0.872755
