25 0.27832 0.319336 0.192383 0.0859375 0.20245
0 0.624023 0.437012 0.0126953 0.0615234 0.206211
0 0.208252 0.446289 0.0229492 0.078125 0.214613
0 0.727783 0.431641 0.0180664 0.0976562 0.214912
0 0.649414 0.438477 0.015625 0.0703125 0.218011
0 0.678955 0.451172 0.0151367 0.0800781 0.223074
0 0.594727 0.430176 0.0117188 0.0380859 0.25122
0 0.181396 0.446777 0.019043 0.0751953 0.256132
0 0.669678 0.44043 0.0180664 0.0859375 0.354639
25 0.274658 0.369629 0.193848 0.18457 0.423915
0 0.752197 0.435547 0.0180664 0.101562 0.427752
0 0.519287 0.460938 0.0522461 0.162109 0.434467
0 0.349609 0.456055 0.0234375 0.146484 0.528173
0 0.0454102 0.431152 0.0224609 0.116211 0.631189
0 0.128418 0.442871 0.0224609 0.104492 0.647161
3 0.508301 0.494629 0.108398 0.137695 0.684806
0 0.012207 0.431641 0.0205078 0.117188 0.693434
0 0.892334 0.433594 0.0317383 0.177734 0.766358
