2 0.475586 0.42627 0.128906 0.0791016 0.241601
0 0.611816 0.436523 0.015625 0.0625 0.256608
0 0.296875 0.397949 0.015625 0.0849609 0.302949
9 0.313965 0.289062 0.0185547 0.0546875 0.320305
5 0.0837402 0.269043 0.165527 0.530273 0.483939
9 0.372803 0.3125 0.012207 0.0488281 0.53317
0 0.180176 0.435059 0.0234375 0.0927734 0.538542
2 0.684814 0.44873 0.059082 0.0869141 0.554924
0 0.279785 0.414062 0.0146484 0.0820312 0.593572
9 0.308105 0.286133 0.0126953 0.0566406 0.625083
2 0.740234 0.437012 0.0703125 0.0986328 0.652849
9 0.324707 0.288574 0.0126953 0.0537109 0.698896
0 0.242432 0.41748 0.0258789 0.120117 0.717595
2 0.490479 0.412109 0.0473633 0.0898438 0.718101
2 0.51416 0.4375 0.0527344 0.0820312 0.756652
2 0.429443 0.42041 0.0473633 0.0888672 0.852604
