2 0.541992 0.43457 0.0341797 0.0332031 0.233729
2 0.553711 0.429688 0.0205078 0.0234375 0.241061
2 0.480713 0.457031 0.0356445 0.0761719 0.289699
2 0.568359 0.422363 0.015625 0.0185547 0.296699
7 0.397949 0.465332 0.0947266 0.178711 0.330397
2 0.530762 0.435547 0.0283203 0.0371094 0.4063
7 0.212646 0.488281 0.138184 0.345703 0.413502
2 0.398193 0.464844 0.0952148 0.173828 0.477751
0 0.734375 0.449707 0.0195312 0.106445 0.526624
0 0.753418 0.439941 0.0224609 0.12207 0.65214
1 0.818115 0.581055 0.0424805 0.177734 0.66449
2 0.463379 0.460449 0.0478516 0.0849609 0.707752
7 0.090332 0.516113 0.177734 0.561523 0.719378
0 0.811523 0.486328 0.0625 0.28125 0.857418
