0 0.0151367 0.453613 0.0302734 0.274414 0.2401
0 0.312256 0.449707 0.0454102 0.155273 0.248095
0 0.225098 0.466309 0.0234375 0.211914 0.253508
2 0.729248 0.487305 0.0415039 0.152344 0.265388
0 0.355225 0.440918 0.0209961 0.147461 0.282706
2 0.468994 0.458496 0.0717773 0.168945 0.297035
2 0.554443 0.44873 0.0356445 0.0791016 0.322325
2 0.569824 0.446289 0.0273438 0.0664062 0.389732
2 0.674316 0.441406 0.0322266 0.0605469 0.41372
2 0.518555 0.453125 0.0488281 0.103516 0.469346
0 0.328857 0.4375 0.0327148 0.185547 0.500241
2 0.686279 0.44873 0.043457 0.0791016 0.52091
0 0.415771 0.446777 0.0200195 0.0986328 0.586878
2 0.702637 0.459961 0.0380859 0.103516 0.594282
2 0.494873 0.463867 0.0581055 0.103516 0.635692
2 0.54126 0.446289 0.0493164 0.09375 0.641412
0 0.212891 0.467773 0.0449219 0.240234 0.676293
2 0.782715 0.452637 0.130859 0.27832 0.680884
0 0.346924 0.439941 0.0327148 0.18457 0.688721
0 0.180664 0.462891 0.0361328 0.246094 0.723372
0 0.388184 0.442383 0.0205078 0.128906 0.774502
0 0.29248 0.45166 0.0244141 0.155273 0.801934
0 0.455566 0.474609 0.0478516 0.253906 0.82348
2 0.875732 0.52002 0.247559 0.416992 0.90196
