0 0.113281 0.458496 0.0566406 0.110352 0.211859
5 0.523438 0.451172 0.0605469 0.0957031 0.221045
5 0.405762 0.45166 0.03125 0.0458984 0.250197
9 0.583008 0.235352 0.0166016 0.0566406 0.295053
9 0.277344 0.38623 0.00878906 0.0419922 0.299349
2 0.662354 0.463379 0.0268555 0.0478516 0.317844
0 0.154785 0.458496 0.0214844 0.135742 0.354235
0 0.606201 0.469727 0.012207 0.046875 0.36636
0 0.697754 0.4375 0.0185547 0.0996094 0.368471
0 0.229004 0.460449 0.0126953 0.0751953 0.399811
2 0.519287 0.454102 0.0483398 0.0839844 0.418549
0 0.117676 0.459961 0.0244141 0.107422 0.420596
5 0.419922 0.453125 0.0576172 0.0644531 0.42601
74 0.380859 0.0966797 0.0175781 0.0449219 0.440151
0 0.565918 0.47168 0.0107422 0.0488281 0.47213
9 0.51709 0.240234 0.0117188 0.0546875 0.472769
0 0.266357 0.46582 0.0170898 0.0859375 0.49175
9 0.646484 0.375 0.00976562 0.0351562 0.538732
0 0.133057 0.459961 0.0219727 0.117188 0.590336
0 0.193848 0.45459 0.0234375 0.143555 0.635357
0 0.713379 0.433594 0.0185547 0.113281 0.677895
0 0.759766 0.43457 0.0224609 0.101562 0.759406
0 0.092041 0.457031 0.0249023 0.119141 0.781329
