0 0.301758 0.436523 0.0341797 0.0957031 0.209123
0 0.291748 0.433105 0.0229492 0.0927734 0.28706
9 0.184814 0.303223 0.0288086 0.0634766 0.323482
9 0.586182 0.310059 0.0219727 0.0634766 0.325285
9 0.610352 0.312988 0.0126953 0.0595703 0.366979
0 0.405273 0.435059 0.0380859 0.104492 0.430073
0 0.344727 0.440918 0.0283203 0.110352 0.460219
0 0.41626 0.433594 0.0200195 0.105469 0.478964
2 0.256348 0.413574 0.0380859 0.0419922 0.519262
0 0.392578 0.434082 0.0283203 0.104492 0.531847
9 0.194336 0.303711 0.0205078 0.0664062 0.620649
0 0.0981445 0.436035 0.0371094 0.15332 0.79464
2 0.506836 0.46875 0.117188 0.197266 0.858488
