2 0.606445 0.401855 0.0205078 0.0244141 0.253933
9 0.356201 0.273438 0.0141602 0.0644531 0.314844
0 0.335693 0.39209 0.0258789 0.0615234 0.367437
2 0.442871 0.415527 0.0458984 0.0419922 0.467019
9 0.882812 0.0629883 0.0615234 0.125977 0.475829
2 0.480713 0.416992 0.0561523 0.0546875 0.565902
2 0.522705 0.416016 0.0356445 0.046875 0.61821
9 0.839111 0.234375 0.0200195 0.0976562 0.669776
2 0.236328 0.444336 0.0800781 0.0878906 0.837958
2 0.0554199 0.462402 0.090332 0.116211 0.887779
2 0.363037 0.463867 0.233887 0.158203 0.887958
