2 0.979248 0.416992 0.0415039 0.113281 0.212723
2 0.577637 0.460449 0.03125 0.0908203 0.2223
2 0.50708 0.441406 0.0161133 0.0390625 0.222467
3 0.823242 0.498535 0.0830078 0.176758 0.473323
2 0.53125 0.439941 0.0244141 0.0283203 0.564824
3 0.983398 0.546387 0.0332031 0.264648 0.619124
3 0.906006 0.481934 0.0922852 0.282227 0.734488
2 0.47998 0.459961 0.0488281 0.0507812 0.793417
2 0.607666 0.464844 0.074707 0.107422 0.830642
2 0.199707 0.583984 0.206055 0.365234 0.851803
2 0.307617 0.53125 0.117188 0.246094 0.863274
2 0.0737305 0.602539 0.146484 0.601562 0.885347
