9 0.959961 0.166016 0.0439453 0.144531 0.217284
24 0.618164 0.456543 0.0214844 0.116211 0.225154
9 0.940918 0.16748 0.03125 0.139648 0.228485
24 0.570557 0.491211 0.0571289 0.263672 0.245546
9 0.80957 0.0991211 0.0537109 0.180664 0.266725
1 0.620117 0.506836 0.0146484 0.0800781 0.284424
0 0.116943 0.490234 0.0209961 0.0976562 0.294172
2 0.53418 0.447754 0.0224609 0.0400391 0.376058
9 0.974121 0.165039 0.0332031 0.130859 0.401731
9 0.723389 0.130859 0.0307617 0.140625 0.413415
9 0.899414 0.255371 0.0175781 0.0849609 0.439564
0 0.310303 0.365234 0.135254 0.402344 0.467104
0 0.12915 0.499512 0.0141602 0.0791016 0.542163
0 0.233154 0.480957 0.0170898 0.0751953 0.55727
9 0.985352 0.166504 0.0283203 0.118164 0.560652
0 0.618408 0.46582 0.0200195 0.138672 0.618638
2 0.487793 0.47998 0.0839844 0.137695 0.646388
1 0.574463 0.634277 0.0463867 0.237305 0.689576
0 0.0959473 0.492188 0.0200195 0.0996094 0.710945
0 0.573486 0.516113 0.065918 0.350586 0.74852
9 0.867676 0.259766 0.0146484 0.0800781 0.770038
2 0.0532227 0.503906 0.0664062 0.0839844 0.782598
0 0.869385 0.477539 0.0375977 0.230469 0.80391
5 0.310791 0.370605 0.135254 0.416992 0.810641
0 0.915039 0.472656 0.0380859 0.224609 0.813473
9 0.768799 0.106445 0.0385742 0.185547 0.840063
