0 0.603516 0.463867 0.0224609 0.0859375 0.221391
1 0.619385 0.494141 0.0258789 0.0976562 0.234167
2 0.573975 0.456543 0.0180664 0.0478516 0.247107
2 0.433105 0.464355 0.0273438 0.0498047 0.247168
7 0.0515137 0.486816 0.103027 0.401367 0.270722
0 0.619141 0.483887 0.0292969 0.114258 0.384168
7 0.11084 0.416016 0.21582 0.337891 0.40927
0 0.628418 0.466309 0.0224609 0.116211 0.451911
2 0.114258 0.414062 0.212891 0.322266 0.661523
2 0.526611 0.456055 0.0268555 0.0429688 0.681422
2 0.661377 0.478516 0.0561523 0.105469 0.694349
2 0.692871 0.496094 0.0615234 0.115234 0.766341
2 0.83374 0.541504 0.160645 0.198242 0.876409
2 0.741455 0.516602 0.100098 0.154297 0.877779
2 0.933594 0.591309 0.132812 0.344727 0.893373
