9 0.230957 0.135254 0.0283203 0.114258 0.248981
9 0.391357 0.312012 0.0161133 0.0751953 0.270646
0 0.708008 0.40918 0.0302734 0.0703125 0.276189
0 0.890381 0.418457 0.0385742 0.0966797 0.277306
0 0.287354 0.477539 0.0219727 0.138672 0.516763
3 0.891602 0.438965 0.0488281 0.0830078 0.518185
9 0.540771 0.115234 0.0336914 0.169922 0.625222
2 0.984863 0.422363 0.0302734 0.0849609 0.724521
0 0.442871 0.468262 0.0302734 0.139648 0.778628
9 0.506104 0.10791 0.043457 0.196289 0.781517
9 0.262207 0.118164 0.0410156 0.197266 0.877866
2 0.763428 0.442383 0.149902 0.111328 0.881036
