2 0.459717 0.416992 0.0463867 0.0546875 0.222402
2 0.743896 0.418457 0.0678711 0.0771484 0.268502
2 0.452148 0.425293 0.0224609 0.0380859 0.276738
2 0.928711 0.430176 0.0498047 0.180664 0.29573
2 0.444092 0.42627 0.0258789 0.0439453 0.374169
2 0.429932 0.429199 0.0239258 0.0498047 0.413818
3 0.519287 0.462891 0.0229492 0.0761719 0.468316
2 0.931641 0.422852 0.132812 0.158203 0.518441
0 0.52002 0.427246 0.0253906 0.104492 0.616376
2 0.483643 0.422363 0.0268555 0.0458984 0.661694
2 0.418213 0.431152 0.0297852 0.0576172 0.663349
0 0.860107 0.416992 0.0229492 0.154297 0.670512
0 0.929688 0.430176 0.0390625 0.19043 0.67178
2 0.782715 0.42041 0.136719 0.100586 0.701797
2 0.356445 0.45459 0.0488281 0.110352 0.774857
2 0.391357 0.432129 0.034668 0.0576172 0.801673
2 0.319092 0.466797 0.0571289 0.136719 0.810682
2 0.239746 0.475098 0.126953 0.21582 0.88902
2 0.116211 0.51123 0.231445 0.282227 0.914584
